#   N_BLOCK:  ACCEPTANCE:
           11.118500e-01
           21.154625e-01
           31.170467e-01
           41.160500e-01
           51.159966e-01
           61.157392e-01
           71.162270e-01
           81.161544e-01
           91.163307e-01
          101.165989e-01
          111.168402e-01
          121.167467e-01
          131.170705e-01
          141.175411e-01
          151.177291e-01
          161.177012e-01
          171.177672e-01
          181.177062e-01
          191.174894e-01
          201.176447e-01
          211.175500e-01
          221.174404e-01
          231.174963e-01
          241.173461e-01
          251.174007e-01
          261.174292e-01
          271.174114e-01
          281.173420e-01
          291.173052e-01
          301.174135e-01
