#   N_BLOCK:  ACCEPTANCE:
           11.424700e-02
           21.426400e-02
           31.533333e-02
           41.486400e-02
           51.525560e-02
           61.489300e-02
           71.511600e-02
           81.538675e-02
           91.495067e-02
          101.494600e-02
          111.483527e-02
          121.473300e-02
          131.479738e-02
          141.459814e-02
          151.458640e-02
          161.433631e-02
          171.418988e-02
          181.421500e-02
          191.397011e-02
          201.399890e-02
          211.388952e-02
          221.377727e-02
          231.374391e-02
          241.359917e-02
          251.381200e-02
          261.398885e-02
          271.392356e-02
          281.385529e-02
          291.392283e-02
          301.392567e-02
