#   N_BLOCK:  ACCEPTANCE:
           15.829280e-01
           25.836905e-01
           35.829977e-01
           45.828777e-01
           55.827472e-01
           65.826873e-01
           75.827561e-01
           85.827271e-01
           95.827456e-01
          105.827989e-01
          115.827675e-01
          125.827459e-01
          135.826888e-01
          145.827251e-01
          155.827158e-01
          165.826459e-01
          175.827236e-01
          185.827064e-01
          195.826716e-01
          205.827097e-01
          215.826722e-01
          225.826574e-01
          235.827062e-01
          245.827515e-01
          255.827765e-01
