#   N_BLOCK:  ACCEPTANCE:
           11.276620e-01
           21.284875e-01
           31.292213e-01
           41.291400e-01
           51.286132e-01
           61.287773e-01
           71.289763e-01
           81.293194e-01
           91.294051e-01
          101.290911e-01
          111.290259e-01
          121.287777e-01
          131.285893e-01
          141.289785e-01
          151.292231e-01
          161.291413e-01
          171.292768e-01
          181.293010e-01
          191.291062e-01
          201.290837e-01
          211.290893e-01
          221.291396e-01
          231.292584e-01
          241.294326e-01
          251.294044e-01
