#     BLOCK:   ACTUAL_TE:    TE_AVE:      ERROR:
           1   -3.369072e+00   -3.369072e+00    0.000000e+00
           2   -3.368683e+00   -3.368877e+00    1.376907e-04
           3   -3.368533e+00   -3.368763e+00    1.310985e-04
           4   -3.369474e+00   -3.368941e+00    1.827491e-04
           5   -3.368320e+00   -3.368816e+00    1.835565e-04
           6   -3.370127e+00   -3.369035e+00    2.513194e-04
           7   -3.369003e+00   -3.369030e+00    2.154576e-04
           8   -3.368715e+00   -3.368991e+00    1.920959e-04
           9   -3.366800e+00   -3.368748e+00    2.860399e-04
          10   -3.367275e+00   -3.368600e+00    2.928767e-04
          11   -3.366913e+00   -3.368447e+00    3.037703e-04
          12   -3.368764e+00   -3.368473e+00    2.796044e-04
          13   -3.369135e+00   -3.368524e+00    2.626811e-04
          14   -3.368580e+00   -3.368528e+00    2.439483e-04
          15   -3.368551e+00   -3.368530e+00    2.276899e-04
          16   -3.368482e+00   -3.368527e+00    2.134786e-04
          17   -3.368498e+00   -3.368525e+00    2.009279e-04
          18   -3.367101e+00   -3.368446e+00    2.047583e-04
          19   -3.368980e+00   -3.368474e+00    1.959015e-04
          20   -3.368612e+00   -3.368481e+00    1.862276e-04
          21   -3.367385e+00   -3.368429e+00    1.845248e-04
          22   -3.366907e+00   -3.368360e+00    1.886518e-04
          23   -3.368177e+00   -3.368352e+00    1.806170e-04
          24   -3.368579e+00   -3.368361e+00    1.733400e-04
          25   -3.368091e+00   -3.368350e+00    1.667438e-04
          26   -3.367593e+00   -3.368321e+00    1.628540e-04
          27   -3.368119e+00   -3.368314e+00    1.569938e-04
          28   -3.370970e+00   -3.368409e+00    1.777552e-04
          29   -3.367712e+00   -3.368385e+00    1.732422e-04
          30   -3.367174e+00   -3.368344e+00    1.721004e-04
          31   -3.369784e+00   -3.368391e+00    1.726994e-04
          32   -3.368815e+00   -3.368404e+00    1.678106e-04
          33   -3.368872e+00   -3.368418e+00    1.633246e-04
          34   -3.370115e+00   -3.368468e+00    1.659693e-04
          35   -3.367355e+00   -3.368436e+00    1.642448e-04
          36   -3.368079e+00   -3.368426e+00    1.599816e-04
          37   -3.368963e+00   -3.368441e+00    1.563138e-04
          38   -3.367311e+00   -3.368411e+00    1.550022e-04
          39   -3.368849e+00   -3.368422e+00    1.514345e-04
          40   -3.370831e+00   -3.368483e+00    1.591726e-04
          41   -3.367957e+00   -3.368470e+00    1.558049e-04
          42   -3.369059e+00   -3.368484e+00    1.527257e-04
          43   -3.368895e+00   -3.368493e+00    1.494733e-04
          44   -3.368827e+00   -3.368501e+00    1.462686e-04
          45   -3.370162e+00   -3.368538e+00    1.476011e-04
          46   -3.368516e+00   -3.368537e+00    1.443931e-04
          47   -3.366916e+00   -3.368503e+00    1.453820e-04
          48   -3.367653e+00   -3.368485e+00    1.434275e-04
          49   -3.366029e+00   -3.368435e+00    1.490026e-04
          50   -3.366577e+00   -3.368398e+00    1.505847e-04
          51   -3.366621e+00   -3.368363e+00    1.516089e-04
          52   -3.369078e+00   -3.368377e+00    1.493154e-04
          53   -3.369458e+00   -3.368397e+00    1.478858e-04
          54   -3.368141e+00   -3.368392e+00    1.452230e-04
          55   -3.367184e+00   -3.368370e+00    1.442362e-04
          56   -3.367753e+00   -3.368359e+00    1.420815e-04
          57   -3.368773e+00   -3.368367e+00    1.397737e-04
          58   -3.367560e+00   -3.368353e+00    1.380542e-04
          59   -3.368528e+00   -3.368356e+00    1.357463e-04
          60   -3.367576e+00   -3.368343e+00    1.341038e-04
          61   -3.366942e+00   -3.368320e+00    1.338563e-04
          62   -3.368618e+00   -3.368325e+00    1.317838e-04
          63   -3.367486e+00   -3.368311e+00    1.303627e-04
          64   -3.366627e+00   -3.368285e+00    1.309547e-04
          65   -3.367499e+00   -3.368273e+00    1.294974e-04
          66   -3.367879e+00   -3.368267e+00    1.276731e-04
          67   -3.366899e+00   -3.368247e+00    1.273895e-04
          68   -3.368623e+00   -3.368252e+00    1.256365e-04
          69   -3.369267e+00   -3.368267e+00    1.246744e-04
          70   -3.367147e+00   -3.368251e+00    1.239151e-04
          71   -3.365979e+00   -3.368219e+00    1.262324e-04
          72   -3.367246e+00   -3.368205e+00    1.252003e-04
          73   -3.368244e+00   -3.368206e+00    1.234864e-04
          74   -3.368382e+00   -3.368208e+00    1.218405e-04
          75   -3.367878e+00   -3.368204e+00    1.202954e-04
          76   -3.366461e+00   -3.368181e+00    1.208773e-04
          77   -3.368050e+00   -3.368179e+00    1.193193e-04
          78   -3.368875e+00   -3.368188e+00    1.181226e-04
          79   -3.368608e+00   -3.368193e+00    1.167469e-04
          80   -3.369585e+00   -3.368211e+00    1.165755e-04
          81   -3.367551e+00   -3.368203e+00    1.154203e-04
          82   -3.370551e+00   -3.368231e+00    1.175121e-04
          83   -3.367170e+00   -3.368219e+00    1.167893e-04
          84   -3.366777e+00   -3.368201e+00    1.166523e-04
          85   -3.369096e+00   -3.368212e+00    1.157533e-04
          86   -3.368603e+00   -3.368216e+00    1.144967e-04
          87   -3.368238e+00   -3.368217e+00    1.131809e-04
          88   -3.367636e+00   -3.368210e+00    1.120872e-04
          89   -3.366959e+00   -3.368196e+00    1.117059e-04
          90   -3.367844e+00   -3.368192e+00    1.105331e-04
          91   -3.369070e+00   -3.368202e+00    1.097383e-04
          92   -3.367320e+00   -3.368192e+00    1.089630e-04
          93   -3.366530e+00   -3.368174e+00    1.092474e-04
          94   -3.367795e+00   -3.368170e+00    1.081598e-04
          95   -3.368750e+00   -3.368176e+00    1.071933e-04
          96   -3.369241e+00   -3.368187e+00    1.066493e-04
          97   -3.369592e+00   -3.368202e+00    1.065279e-04
          98   -3.368736e+00   -3.368207e+00    1.055805e-04
          99   -3.368808e+00   -3.368213e+00    1.046884e-04
         100   -3.368994e+00   -3.368221e+00    1.039322e-04
