#   N_BLOCK:  ACCEPTANCE:
           15.334330e-01
           25.341035e-01
           35.339080e-01
           45.340027e-01
           55.340164e-01
           65.338448e-01
           75.337253e-01
           85.337319e-01
           95.335938e-01
          105.337381e-01
          115.336673e-01
          125.335262e-01
          135.335120e-01
          145.335946e-01
          155.335793e-01
          165.335635e-01
          175.335719e-01
          185.335641e-01
          195.334791e-01
          205.334730e-01
          215.334093e-01
          225.333543e-01
          235.333993e-01
          245.334362e-01
          255.334420e-01
          265.334977e-01
          275.335717e-01
          285.335543e-01
          295.335587e-01
          305.336175e-01
