#   N_BLOCK:  ACCEPTANCE:
           13.260000e-04
           21.630000e-04
           31.206667e-04
           49.050000e-05
           57.240000e-05
           66.033333e-05
           75.171429e-05
           84.525000e-05
           94.022222e-05
          103.620000e-05
          113.290909e-05
          123.016667e-05
          132.784615e-05
          142.585714e-05
          152.480000e-05
          162.325000e-05
          172.188235e-05
          182.066667e-05
          191.957895e-05
          201.860000e-05
          211.771429e-05
          221.690909e-05
          231.617391e-05
          241.550000e-05
          251.488000e-05
