#   N_BLOCK:  ACCEPTANCE:
           15.370300e-01
           25.378715e-01
           35.380610e-01
           45.380358e-01
           55.380070e-01
           65.380237e-01
           75.378347e-01
           85.376308e-01
           95.376719e-01
          105.377550e-01
          115.376699e-01
          125.375714e-01
          135.376028e-01
          145.376313e-01
          155.376787e-01
          165.377034e-01
          175.377244e-01
          185.376297e-01
          195.376282e-01
          205.376203e-01
          215.376011e-01
          225.375812e-01
          235.376120e-01
          245.376691e-01
          255.376822e-01
