#   N_BLOCK:  ACCEPTANCE:
           15.799860e-01
           25.797245e-01
           35.792160e-01
           45.789670e-01
           55.788132e-01
           65.785850e-01
           75.787054e-01
           85.786064e-01
           95.786033e-01
          105.786156e-01
          115.785433e-01
          125.785657e-01
          135.785706e-01
          145.786218e-01
          155.787061e-01
          165.787011e-01
          175.787571e-01
          185.787458e-01
          195.786976e-01
          205.787191e-01
          215.786720e-01
          225.787084e-01
          235.787360e-01
          245.787403e-01
          255.787750e-01
          265.787727e-01
          275.788167e-01
          285.788098e-01
          295.787707e-01
          305.788098e-01
