#   N_BLOCK:  ACCEPTANCE:
           16.157580e-01
           26.161380e-01
           36.164283e-01
           46.163610e-01
           56.163676e-01
           66.163642e-01
           76.162790e-01
           86.162561e-01
           96.162368e-01
          106.163378e-01
          116.163094e-01
          126.163698e-01
          136.163938e-01
          146.164450e-01
          156.164279e-01
          166.164378e-01
          176.164478e-01
          186.163899e-01
          196.163623e-01
          206.163268e-01
          216.162827e-01
          226.162748e-01
          236.162560e-01
          246.162894e-01
          256.162682e-01
          266.163422e-01
          276.163741e-01
          286.163620e-01
          296.163399e-01
          306.163913e-01
