Gen:	L_2
1	388.238
2	376.181
3	358.379
4	339.046
5	323.667
6	315.969
7	306.193
8	300.783
9	288.695
10	278.616
11	272.731
12	269.379
13	261.913
14	256.463
15	250.991
16	246.822
17	238.601
18	231.117
19	226.628
20	221.964
21	217.439
22	213.474
23	211.004
24	202.464
25	198.983
26	196.994
27	195.892
28	193.299
29	188.995
30	187.073
31	184.719
32	180.892
33	176.405
34	173.617
35	168.425
36	167.055
37	164.185
38	160.521
39	159.707
40	158.471
41	157.536
42	155.911
43	152.79
44	151.582
45	149.483
46	146.145
47	145.549
48	143.845
49	143.44
50	141.105
51	137.464
52	135.324
53	133.87
54	133.87
55	132.159
56	131.896
57	130.98
58	129.84
59	128.368
60	127.459
61	126.604
62	125.967
63	124.51
64	123.798
65	123.068
66	122.446
67	122.172
68	121.586
69	120.163
70	119.459
71	119.029
72	118.093
73	117.16
74	116.605
75	115.8
76	115.06
77	113.781
78	113.781
79	113.293
80	111.014
81	109.972
82	109.601
83	109.02
84	108.829
85	108.219
86	107.381
87	106.596
88	105.899
89	105.695
90	99.5063
91	99.5063
92	99.3963
93	99.3963
94	98.9401
95	97.5029
96	96.3972
97	96.0112
98	96.0112
99	95.9806
100	95.7654
101	95.6919
102	94.9982
103	94.4042
104	93.8943
105	93.6754
106	92.4214
107	92.3908
108	92.3908
109	91.6541
110	91.2356
111	91.2356
112	90.7379
113	90.406
114	90.2528
115	89.7011
116	89.4494
117	88.7445
118	88.639
119	88.3294
120	88.1917
121	87.7311
122	87.7311
123	87.4148
124	86.753
125	86.753
126	86.753
127	86.7122
128	86.7122
129	86.4034
130	85.964
131	85.964
132	85.7607
133	85.2002
134	85.2002
135	84.8116
136	84.7953
137	84.7953
138	84.2239
139	84.2239
140	84.0662
141	84.0662
142	83.9879
143	83.4761
144	83.4693
145	83.0258
146	82.872
147	82.872
148	82.7104
149	82.3732
150	81.9704
151	81.9201
152	81.8611
153	81.641
154	81.3386
155	81.0099
156	81.0099
157	81.0099
158	81.0099
159	80.9229
160	80.5856
161	80.4212
162	80.4212
163	80.4212
164	80.4212
165	80.3342
166	80.2511
167	80.2511
168	80.2511
169	80.0399
170	79.199
171	79.199
172	79.199
173	78.9469
174	78.9469
175	78.9469
176	78.6044
177	78.6044
178	78.6044
179	77.6973
180	77.5749
181	77.0109
182	76.7527
183	76.7432
184	76.7348
185	76.649
186	76.649
187	76.3637
188	76.3637
189	76.3637
190	76.3637
191	76.3637
192	76.3637
193	76.1859
194	76.1859
195	75.9831
196	75.8486
197	75.8486
198	75.8486
199	75.8486
200	75.6458
201	75.5347
202	75.3727
203	75.161
204	75.161
205	74.8068
206	74.8068
207	74.8068
208	74.8068
209	74.5767
210	74.3499
211	74.0565
212	73.5995
213	73.5995
214	73.5995
215	73.5995
216	73.5995
217	73.5995
218	73.5288
219	73.5162
220	73.5162
221	73.4641
222	73.4309
223	73.3788
224	73.3788
225	73.3788
226	73.3788
227	72.9675
228	72.9675
229	72.9675
230	72.9675
231	72.9675
232	72.9675
233	72.9675
234	72.9675
235	72.9535
236	72.9535
237	72.2391
238	72.2251
239	72.2251
240	72.2251
241	72.2251
242	72.2251
243	72.2251
244	72.2251
245	72.2251
246	72.2251
247	71.7296
248	71.7296
249	71.1968
250	71.1968
251	71.1968
252	71.1968
253	71.1968
254	71.1968
255	71.1968
256	71.1968
257	71.1968
258	71.1968
259	71.1968
260	71.1968
261	71.1968
262	71.1968
263	71.1968
264	71.1968
265	71.1968
266	71.1968
267	71.1968
268	71.1968
269	71.1968
270	71.1968
271	71.1968
272	71.1968
273	71.1968
274	71.1968
275	71.1968
276	71.1968
277	71.1968
278	71.1968
279	71.1968
280	71.1865
281	71.1865
282	71.1865
283	71.1865
284	71.1865
285	71.1865
286	71.1865
287	71.1865
288	71.1865
289	71.1865
290	71.1865
291	70.8114
292	70.8114
293	70.8114
294	70.8114
295	70.8114
296	70.8114
297	70.8114
298	70.8114
299	70.8114
300	70.8114
301	70.8114
302	70.8114
303	70.8114
304	70.8114
305	70.8114
306	70.8114
307	70.8114
308	70.8114
309	70.8114
310	70.8114
311	70.8114
312	70.8114
313	70.8114
314	70.8114
315	70.8114
316	70.8114
317	70.8114
318	70.8114
319	70.8114
320	70.8114
321	70.8114
322	70.8114
323	70.8114
324	70.8114
325	70.8114
326	70.8114
327	70.8114
328	70.8114
329	70.8114
330	70.8114
331	70.8114
332	70.8114
333	70.8114
334	70.8114
335	70.8114
336	70.8114
337	70.8114
338	70.8114
339	70.8114
340	70.8114
341	70.8114
342	70.8114
343	70.8114
344	70.8114
345	70.7753
346	70.7753
347	70.7753
348	70.7753
349	70.7753
350	70.7753
351	70.7753
352	70.7753
353	70.7753
354	70.7753
355	70.7753
356	70.7753
357	70.7753
358	70.7753
359	70.7753
360	70.7753
361	70.7753
362	70.7753
363	70.7753
364	70.7753
365	70.7753
366	70.7753
367	70.7753
368	70.7753
369	70.7753
370	70.7753
371	70.7753
372	70.7753
373	70.7753
374	70.7753
375	70.7753
376	70.7753
377	70.7753
378	70.7753
379	70.7753
380	70.7753
381	70.7753
382	70.7753
383	70.7753
384	70.7753
385	70.7753
386	70.7753
387	70.7753
388	70.7753
389	70.7753
390	70.7753
391	70.7753
392	70.7753
393	70.7753
394	70.7753
395	70.7753
396	70.7753
397	70.7753
398	70.7753
399	70.7753
400	70.7753
401	70.7753
402	70.7753
403	70.7753
404	70.7753
405	70.7753
406	70.7753
407	70.7753
408	70.7753
409	70.7753
410	70.7753
411	70.7753
412	70.7753
413	70.7753
414	70.7753
415	70.7753
416	70.7753
417	70.7753
418	70.7753
419	70.7753
420	70.7753
421	70.7753
422	70.7753
423	70.7753
424	70.7753
425	70.7753
426	70.7753
427	70.7753
428	70.7753
429	70.7753
430	70.7753
431	70.7753
432	70.7753
433	70.7753
434	70.7753
435	70.7753
436	70.7753
437	70.7753
438	70.7753
439	70.7753
440	70.7753
441	70.7753
442	70.7753
443	70.7753
444	70.7753
445	70.7753
446	70.7753
447	70.7753
448	70.7753
449	70.7753
450	70.7753
451	70.7753
452	70.7753
453	70.7753
454	70.7753
455	70.7753
456	70.7753
457	70.7753
458	70.7753
459	70.7753
460	70.7753
461	70.7753
462	70.7753
463	70.7753
464	70.7753
465	70.7753
466	70.7753
467	70.7753
468	70.7753
469	70.7753
470	70.7753
471	70.7753
472	70.7753
473	70.7753
474	70.7753
475	70.7753
476	70.7753
477	70.7753
478	70.7753
479	70.7753
480	70.7753
481	70.7753
482	70.7753
483	70.7753
484	70.7753
485	70.7753
486	70.7753
487	70.7753
488	70.7753
489	70.7753
490	70.7753
491	70.3803
492	70.3803
493	70.3803
494	70.3803
495	70.3803
496	70.3803
497	70.3803
498	70.3803
499	70.3803
500	70.3803
501	70.3803
502	70.3803
503	70.3803
504	70.3803
505	70.3803
506	70.3803
507	70.3803
508	70.3803
509	70.3803
510	70.3803
511	70.3803
512	70.3803
513	70.3803
514	70.3803
515	70.3803
516	70.3803
517	70.3803
518	70.3803
519	70.3803
520	70.3803
521	70.3803
522	70.3222
523	70.3222
524	70.3222
525	70.3222
526	70.3222
527	70.3222
528	70.3222
529	70.3222
530	70.3222
531	70.3222
532	70.3222
533	70.3222
534	70.3222
535	70.3222
536	70.3222
537	70.3222
538	70.3222
539	70.3222
540	70.3222
541	70.3222
542	70.3222
543	70.3222
544	70.3222
545	70.3222
546	70.3222
547	70.3222
548	70.3222
549	70.3222
550	70.3222
551	70.3222
552	70.3222
553	70.3222
554	70.3222
555	70.3222
556	70.3222
557	70.3222
558	70.3222
559	70.3222
560	70.3222
561	70.3222
562	70.3222
563	70.3222
564	70.3222
565	70.3222
566	70.3222
567	70.3222
568	70.3222
569	70.3222
570	70.3222
571	70.3222
572	70.3222
573	70.3222
574	70.3222
575	70.3222
576	70.3222
577	70.3222
578	70.3222
579	70.3222
580	70.3222
581	70.3222
582	70.3222
583	70.3222
584	70.3222
585	70.3222
586	70.3222
587	70.3222
588	70.3222
589	70.3222
590	70.3222
591	70.3222
592	70.3222
593	70.3222
594	70.3222
595	70.3222
596	70.3222
597	70.3222
598	70.3222
599	70.3222
600	70.3222
601	70.3222
602	70.3222
603	70.3222
604	70.3222
605	70.3222
606	70.3222
607	70.3222
608	70.3222
609	70.3222
610	70.3222
611	70.3222
612	70.3222
613	70.3222
614	70.3222
615	70.3222
616	70.3222
617	70.3222
618	70.3222
619	70.3222
620	70.3222
621	70.3222
622	70.3222
623	70.3222
624	70.3222
625	70.3222
626	70.3222
627	70.3222
628	70.3222
629	70.3222
630	70.3222
631	70.3222
632	70.3222
633	70.3222
634	70.3222
635	70.3222
636	70.3222
637	70.3222
638	70.3222
639	70.3222
640	70.3222
641	70.3222
642	70.3222
643	70.3222
644	70.3222
645	70.3222
646	70.3222
647	70.3222
648	70.3222
649	70.3222
650	70.3222
651	70.3222
652	70.3222
653	70.3222
654	70.3222
655	70.3222
656	70.3222
657	70.3222
658	70.3222
659	70.3222
660	70.3222
661	70.3222
662	70.3222
663	70.3222
664	70.3222
665	70.3222
666	70.3222
667	70.3222
668	70.3222
669	70.3222
670	70.3222
671	70.3222
672	70.3222
673	70.3222
674	70.3222
675	70.3222
676	70.3222
677	70.3222
678	70.3222
679	70.3222
680	70.3222
681	70.3222
682	70.3222
683	70.3222
684	70.3222
685	70.3222
686	70.3222
687	70.3222
688	70.3222
689	70.3222
690	70.3222
691	70.3222
692	70.3222
693	70.3222
694	70.3222
695	70.3222
696	70.3222
697	70.3222
698	70.3222
699	70.3222
700	70.3222
701	70.3222
702	70.3222
703	70.3222
704	70.3222
705	70.3222
706	70.3222
707	70.3222
708	69.8895
709	69.8895
710	69.8895
711	69.8895
712	69.8895
713	69.8895
714	69.8895
715	69.8895
716	69.8895
717	69.7129
718	69.7129
719	69.7129
720	69.7129
721	69.7129
722	69.7129
723	69.7129
724	69.7129
725	69.7129
726	69.7129
727	69.6161
728	69.6161
729	69.6161
730	69.6161
731	69.6161
732	69.6161
733	69.6161
734	69.6161
735	69.6161
736	69.6161
737	69.6161
738	69.6161
739	69.6161
740	69.6161
741	69.6161
742	69.6161
743	69.6161
744	69.6161
745	69.6161
746	69.6161
747	69.6161
748	69.6161
749	69.6161
750	69.6161
751	69.6161
752	69.6161
753	69.6161
754	69.6161
755	69.6161
756	69.6161
757	69.6161
758	69.6161
759	69.6161
760	69.6161
761	69.6161
762	69.6161
763	69.6161
764	69.6161
765	69.6161
766	69.6161
767	69.6161
768	69.6161
769	69.6161
770	69.6161
771	69.6161
772	69.6161
773	69.6161
774	69.6161
775	69.6161
776	69.6161
777	69.6161
778	69.6161
779	69.6161
780	69.6161
781	69.6161
782	69.6161
783	69.6161
784	69.6161
785	69.6161
786	69.6161
787	69.6161
788	69.6161
789	69.6161
790	69.6161
791	69.6161
792	69.6161
793	69.6161
794	69.6161
795	69.6161
796	69.6161
797	69.6161
798	69.6161
799	69.6161
800	69.6161
801	69.6161
802	69.6161
803	69.6161
804	69.6161
805	69.6161
806	69.6161
807	69.6161
808	69.6161
809	69.6161
810	69.6161
811	69.6161
812	69.6161
813	69.6161
814	69.6161
815	69.6161
816	69.6161
817	69.6161
818	69.6161
819	69.6161
820	69.6161
821	69.6161
822	69.6161
823	69.6161
824	69.6161
825	69.6161
826	69.6161
827	69.6161
828	69.6161
829	69.6161
830	69.6161
831	69.6161
832	69.6161
833	69.6161
834	69.6161
835	69.6161
836	69.6161
837	69.6161
838	69.6161
839	69.6161
840	69.6161
841	69.6161
842	69.6161
843	69.6161
844	69.6161
845	69.6161
846	69.6161
847	69.6161
848	69.6161
849	69.6161
850	69.6161
851	69.6161
852	69.6161
853	69.6161
854	69.6161
855	69.6161
856	69.6161
857	69.6161
858	69.6161
859	69.6161
860	69.6161
861	69.6161
862	69.6161
863	69.6161
864	69.6161
865	69.6161
866	69.6161
867	69.6161
868	69.6161
869	69.6161
870	69.6161
871	69.6161
872	69.6161
873	69.6161
874	69.6161
875	69.6161
876	69.6161
877	69.6161
878	69.6161
879	69.6161
880	69.6161
881	69.6161
882	69.6161
883	69.6161
884	69.6161
885	69.6161
886	69.6161
887	69.6161
888	69.6161
889	69.6161
890	69.6161
891	69.6161
892	69.6161
893	69.6161
894	69.6161
895	69.6161
896	69.6161
897	69.6161
898	69.6161
899	69.6161
900	69.6161
901	69.6161
902	69.6161
903	69.6161
904	69.6161
905	69.6161
906	69.6161
907	69.6161
908	69.6161
909	69.6161
910	69.6161
911	69.6161
912	69.6161
913	69.6161
914	69.6161
915	69.6161
916	69.6161
917	69.6161
918	69.6161
919	69.6161
920	69.6161
921	69.6161
922	69.6161
923	69.6161
924	69.6161
925	69.6161
926	69.6161
927	69.6161
928	69.6161
929	69.6161
930	65.6378
931	65.6378
932	65.6378
933	65.6378
934	65.6378
935	65.6378
936	65.6378
937	65.6378
938	65.6378
939	65.6378
940	65.6378
941	65.6378
942	65.6378
943	65.6378
944	65.6378
945	65.6378
946	65.6378
947	65.6378
948	65.6378
949	65.6378
950	65.6378
951	65.6378
952	65.6378
953	65.6378
954	65.6378
955	65.6378
956	65.6378
957	65.6378
958	65.6378
959	65.6378
960	65.6378
961	65.6378
962	65.6378
963	65.6378
964	65.6378
965	65.6378
966	65.6378
967	65.6378
968	65.6378
969	65.6378
970	65.6378
971	65.6378
972	65.6378
973	65.6378
974	65.6378
975	65.6378
976	65.6378
977	65.6378
978	65.5471
979	65.5471
980	65.5471
981	65.5471
982	65.5471
983	65.5471
984	65.5471
985	65.5471
986	65.5471
987	65.5471
988	65.5471
989	65.5471
990	65.5471
991	65.5471
992	65.5471
993	65.5471
994	65.5471
995	65.5471
996	65.5471
997	65.5471
998	65.5471
999	65.5471
1000	65.5471
1001	65.5471
1002	65.5471
1003	65.5471
1004	65.5471
1005	65.5471
1006	65.5471
1007	65.5471
1008	65.5471
1009	65.5471
1010	65.5471
1011	65.5471
1012	65.5471
1013	65.5471
1014	65.5471
1015	65.5471
1016	65.5471
1017	65.5471
1018	65.5471
1019	65.5471
1020	65.5471
1021	65.5471
1022	65.5471
1023	65.5471
1024	65.5471
1025	65.5471
1026	65.5471
1027	65.5471
1028	65.5471
1029	65.5471
1030	65.5471
1031	65.5471
1032	65.5471
1033	65.5471
1034	65.5471
1035	65.5471
1036	65.5471
1037	65.5471
1038	65.5471
1039	65.5471
1040	65.5471
1041	65.5471
1042	65.5471
1043	65.5471
1044	65.5471
1045	65.5471
1046	65.5471
1047	65.5471
1048	65.5471
1049	65.5471
1050	65.5471
1051	65.5471
1052	65.5471
1053	65.5471
1054	65.5471
1055	65.5471
1056	65.5471
1057	65.5471
1058	65.5471
1059	65.5471
1060	65.5471
1061	65.5471
1062	65.5471
1063	65.5471
1064	65.5471
1065	65.5471
1066	65.5471
1067	65.5471
1068	65.5471
1069	65.5471
1070	65.5471
1071	65.5471
1072	65.5471
1073	65.5471
1074	65.5471
1075	65.5471
1076	65.5471
1077	65.5471
1078	65.5471
1079	65.5471
1080	65.5471
1081	65.5471
1082	65.5471
1083	65.5471
1084	65.5471
1085	65.5471
1086	65.5471
1087	65.5471
1088	65.5471
1089	65.5471
1090	65.5471
1091	65.5471
1092	65.5471
1093	65.3408
1094	65.3408
1095	65.3408
1096	65.3408
1097	65.3408
1098	65.3408
1099	65.3408
1100	65.3408
1101	65.3408
1102	65.3408
1103	65.3408
1104	65.3408
1105	65.3408
1106	65.3408
1107	65.3408
1108	65.3408
1109	65.3408
1110	65.3408
1111	65.3408
1112	65.3408
1113	65.3408
1114	65.3408
1115	65.3408
1116	65.3408
1117	65.3408
1118	65.3408
1119	65.3408
1120	65.3408
1121	65.3408
1122	65.3408
1123	65.3408
1124	65.3408
1125	65.3408
1126	65.3408
1127	65.3408
1128	65.3408
1129	65.3408
1130	65.3408
1131	65.3408
1132	65.3408
1133	65.3408
1134	65.3408
1135	65.3408
1136	65.3408
1137	65.3408
1138	65.3408
1139	65.3408
1140	65.3408
1141	65.3408
1142	65.3408
1143	65.3408
1144	65.3408
1145	65.3408
1146	65.3408
1147	65.3408
1148	65.3408
1149	65.3408
1150	65.3408
1151	65.3408
1152	65.3408
1153	65.3408
1154	65.3408
1155	65.3408
1156	65.3408
1157	65.3408
1158	65.3408
1159	65.3408
1160	65.3408
1161	65.3408
1162	65.3408
1163	65.3408
1164	65.3408
1165	65.3408
1166	65.3408
1167	65.3408
1168	65.3408
1169	65.3408
1170	65.3408
1171	65.3408
1172	65.3408
1173	65.3408
1174	65.3408
1175	65.3408
1176	65.3408
1177	65.3408
1178	65.3408
1179	65.3408
1180	65.3408
1181	65.3408
1182	65.3408
1183	65.3408
1184	65.3408
1185	65.3408
1186	65.3408
1187	65.3408
1188	65.3408
1189	65.3408
1190	65.3408
1191	65.3408
1192	65.3408
1193	65.3408
1194	65.3408
1195	65.3408
1196	65.3408
1197	65.3408
1198	65.3408
1199	65.3408
1200	65.3408
1201	65.3408
1202	65.3408
1203	65.3408
1204	65.3408
1205	65.3408
1206	65.3408
1207	65.3408
1208	65.3408
1209	65.3408
1210	65.3408
1211	65.3408
1212	65.3408
1213	65.3408
1214	65.3408
1215	65.3408
1216	65.3408
1217	65.3408
1218	65.3408
1219	65.3408
1220	65.3408
1221	65.3408
1222	65.3408
1223	65.3408
1224	65.3408
1225	65.3408
1226	65.3408
1227	65.3408
1228	65.3408
1229	65.3408
1230	65.3408
1231	65.3408
1232	65.3408
1233	65.3408
1234	65.3408
1235	65.3408
1236	65.3408
1237	65.3408
1238	65.3408
1239	65.3408
1240	65.3408
1241	65.3408
1242	65.3408
1243	65.3408
1244	65.3408
1245	65.3408
1246	65.3408
1247	65.3408
1248	65.3408
1249	65.3408
1250	65.3408
1251	65.3408
1252	65.3408
1253	65.3408
1254	65.3408
1255	65.3408
1256	65.3408
1257	65.3408
1258	65.3408
1259	65.3408
1260	65.3408
1261	65.3408
1262	65.3408
1263	65.3408
1264	65.3408
1265	65.3408
1266	65.3408
1267	65.3408
1268	65.3408
1269	65.3408
1270	65.3408
1271	65.3408
1272	65.3408
1273	65.3408
1274	65.3408
1275	65.3408
1276	65.3408
1277	65.3408
1278	65.3408
1279	65.3408
1280	65.3408
1281	65.3408
1282	65.3408
1283	65.3408
1284	65.3408
1285	65.3408
1286	65.3408
1287	65.3408
1288	65.3408
1289	65.3408
1290	65.3408
1291	65.3408
1292	65.3408
1293	65.3408
1294	65.3408
1295	65.3408
1296	65.3408
1297	65.3408
1298	65.3408
1299	65.3408
1300	65.3408
1301	65.3408
1302	65.3408
1303	65.3408
1304	65.3408
1305	65.3408
1306	65.3408
1307	65.3408
1308	65.3408
1309	65.3408
1310	65.3408
1311	65.3408
1312	65.3408
1313	65.3408
1314	65.3408
1315	65.3408
1316	65.3408
1317	65.3408
1318	65.3408
1319	65.3408
1320	65.3408
1321	65.3408
1322	65.3408
1323	65.3408
1324	65.3408
1325	65.3408
1326	65.3408
1327	65.3408
1328	65.3408
1329	65.3408
1330	65.3408
1331	65.3408
1332	65.3408
1333	65.3408
1334	65.3408
1335	65.3408
1336	65.3408
1337	65.3408
1338	65.3408
1339	65.3408
1340	65.3408
1341	65.3408
1342	65.3408
1343	65.3408
1344	65.3408
1345	65.3408
1346	65.3408
1347	65.3408
1348	65.3408
1349	65.3408
1350	65.3408
1351	65.3408
1352	65.3408
1353	65.3408
1354	65.3408
1355	65.3408
1356	65.3408
1357	65.3408
1358	65.3408
1359	65.3408
1360	65.3408
1361	65.3408
1362	65.3408
1363	65.3408
1364	65.3408
1365	65.3408
1366	65.3408
1367	65.3408
1368	65.3408
1369	65.3408
1370	65.3408
1371	65.3408
1372	65.3408
1373	65.3408
1374	65.3408
1375	65.3408
1376	65.3408
1377	65.3408
1378	65.3408
1379	65.3408
1380	65.3408
1381	65.3408
1382	65.3408
1383	65.3408
1384	65.3408
1385	65.3408
1386	65.3408
1387	65.3408
1388	65.3408
1389	65.3408
1390	65.3408
1391	65.3408
1392	65.3408
1393	65.3408
1394	65.3408
1395	65.3408
1396	65.3408
1397	65.3408
1398	65.3408
1399	65.3408
1400	65.3408
1401	65.3408
1402	65.3408
1403	65.3408
1404	65.3408
1405	65.3408
1406	65.3408
1407	65.3408
1408	65.3408
1409	65.3408
1410	65.3408
1411	65.3408
1412	65.3408
1413	65.3408
1414	65.3408
1415	65.3408
1416	65.3408
1417	65.3408
1418	65.3408
1419	65.3408
1420	65.3408
1421	65.3408
1422	65.3408
1423	65.3408
1424	65.3408
1425	65.3408
1426	65.3408
1427	65.3408
1428	65.3408
1429	65.3408
1430	65.3408
1431	65.3408
1432	65.3408
1433	65.3408
1434	65.3408
1435	65.3408
1436	65.3408
1437	65.3408
1438	65.3408
1439	65.3408
1440	65.3408
1441	65.3408
1442	65.3408
1443	65.3408
1444	65.3408
1445	65.3408
1446	65.3408
1447	65.3408
1448	65.3408
1449	65.3408
1450	65.3408
1451	65.3408
1452	65.3408
1453	65.3408
1454	65.3408
1455	65.3408
1456	65.3408
1457	65.3408
1458	65.3408
1459	65.3408
1460	65.3408
1461	65.3408
1462	65.3408
1463	65.3408
1464	65.3408
1465	65.3408
1466	65.3408
1467	65.3408
1468	65.3408
1469	65.3408
1470	65.3408
1471	65.3408
1472	65.3408
1473	65.3408
1474	65.3408
1475	65.3408
1476	65.3408
1477	65.3408
1478	65.3408
1479	65.3408
1480	65.3408
1481	65.3408
1482	65.3408
1483	65.3408
1484	65.3408
1485	65.3408
1486	65.3408
1487	65.3408
1488	65.3408
1489	65.3408
1490	65.3408
1491	65.3408
1492	65.3408
1493	65.3408
1494	65.3408
1495	65.3408
1496	65.3408
1497	65.3408
1498	65.3408
1499	65.3408
1500	65.3408
