Gen:	<L_2>
0	509.523
1	451.257
2	415.795
3	395.604
4	380.62
5	360.01
6	347.352
7	337.104
8	326.437
9	318.013
10	308.074
11	295.825
12	286.879
13	279.573
14	272.803
15	265.641
16	257.223
17	250.664
18	245.086
19	239.907
20	234.28
21	229.96
22	225.593
23	222.265
24	219.497
25	216.032
26	211.483
27	207.175
28	204.025
29	200.86
30	196.671
31	192.575
32	188.504
33	185.382
34	182.418
35	179.472
36	176.503
37	173.894
38	172.113
39	170.413
40	168.844
41	166.9
42	164.89
43	162.811
44	161.891
45	161.628
46	161.134
47	158.143
48	155.941
49	153.478
50	152.09
51	150.229
52	149.193
53	148.928
54	147.408
55	144.989
56	142.61
57	140.638
58	138.963
59	137.454
60	135.72
61	135.162
62	134.26
63	132.139
64	130.489
65	129.674
66	128.013
67	124.859
68	122.555
69	120.863
70	119.928
71	119.089
72	117.927
73	116.5
74	113.805
75	111.528
76	110.469
77	110.16
78	109.9
79	108.377
80	108.5
81	109.019
82	107.427
83	107.492
84	106.917
85	104.972
86	104.032
87	102.905
88	103.274
89	103.599
90	103.963
91	103.627
92	103.046
93	102.557
94	101.931
95	100.559
96	99.1639
97	98.7704
98	98.7001
99	97.7882
100	96.6942
101	95.4178
102	94.2419
103	93.4461
104	92.6394
105	92.3834
106	92.0775
107	91.4277
108	90.5917
109	89.3357
110	88.5242
111	88.3967
112	87.4425
113	86.7988
114	86.3221
115	86.2987
116	86.1221
117	85.9057
118	86.5422
119	86.8916
120	86.1658
121	85.7829
122	85.4846
123	84.7027
124	84.3012
125	83.7606
126	83.8369
127	83.8194
128	83.5094
129	83.238
130	83.0755
131	83.7616
132	83.9818
133	83.5538
134	83.264
135	82.9588
136	82.5071
137	82.2383
138	81.98
139	81.7157
140	81.4076
141	81.4713
142	81.0649
143	81.2888
144	80.8808
145	81.1737
146	81.581
147	82.0385
148	81.7954
149	81.2332
150	81.2689
151	81.3853
152	80.7426
153	79.9915
154	79.5486
155	79.2564
156	78.9197
157	79.2679
158	78.4237
159	78.0377
160	77.9081
161	77.6183
162	77.5089
163	77.3007
164	77.0549
165	76.9438
166	76.736
167	77.5247
168	78.0907
169	77.5618
170	76.9967
171	76.2083
172	75.9431
173	75.7777
174	75.8416
175	76.0439
176	75.8961
177	75.3159
178	75.2344
179	75.297
180	75.6558
181	75.403
182	75.1662
183	75.2829
184	75.365
185	75.3617
186	74.9796
187	75.0465
188	75.1062
189	74.8964
190	74.9308
191	74.8788
192	74.761
193	74.8227
194	75.0614
195	75.1858
196	74.8539
197	75.149
198	74.9273
199	75.0539
200	74.9195
201	74.7717
202	74.4703
203	74.5682
204	74.3824
205	73.9533
206	74.052
207	73.952
208	73.9846
209	74.0134
210	74.2089
211	74.0246
212	74.1563
213	73.7524
214	73.9186
215	74.0047
216	73.9331
217	73.8819
218	74.1649
219	73.845
220	73.7344
221	73.7311
222	73.8681
223	74.1031
224	73.6312
225	73.8939
226	73.7787
227	73.8257
228	73.5127
229	73.4565
230	73.6449
231	73.3047
232	73.3751
233	73.3862
234	73.4941
235	73.5083
236	73.5489
237	73.312
238	73.4406
239	73.5822
240	73.3157
241	73.5171
242	73.4856
243	73.1028
244	73.3995
245	73.5791
246	73.3307
247	73.4338
248	73.551
249	73.3509
250	73.4895
251	73.5283
252	73.3915
253	73.3592
254	73.4609
255	73.3864
256	73.4864
257	73.3369
258	73.3968
259	73.614
260	73.3619
261	73.0266
262	73.1923
263	73.4178
264	73.2971
265	73.485
266	73.2293
267	73.5065
268	73.3191
269	73.5127
270	73.4238
271	73.3821
272	73.4037
273	73.7221
274	73.4329
275	73.3334
276	73.356
277	73.426
278	73.4316
279	73.3676
280	72.9439
281	72.9784
282	72.9668
283	73.2168
284	72.9213
285	72.991
286	72.8978
287	72.8133
288	72.8906
289	72.883
290	72.8377
291	72.8935
292	72.8675
293	72.8839
294	72.8727
295	72.9536
296	73.1004
297	72.8013
298	72.9373
299	73.1525
300	73.2695
301	73.0758
302	73.0795
303	73.0692
304	73.0343
305	72.8156
306	72.754
307	72.8347
308	72.7637
309	72.8265
310	72.9925
311	73.0945
312	73.0912
313	72.8168
314	73.1118
315	73.0736
316	72.9474
317	72.878
318	73.0781
319	72.8642
320	72.8446
321	73.0545
322	72.7117
323	72.8467
324	72.8257
325	72.9894
326	72.6978
327	72.2977
328	71.9864
329	71.7071
330	71.5876
331	71.6066
332	71.7112
333	71.5701
334	71.7955
335	71.4189
336	71.5025
337	71.2815
338	71.3681
339	71.3004
340	71.7934
341	71.6905
342	71.4824
343	71.4749
344	71.3878
345	71.7602
346	71.6443
347	71.4694
348	71.2437
349	71.413
350	71.5816
351	71.5958
352	71.7392
353	71.7196
354	71.52
355	71.5342
356	71.5628
357	71.6651
358	71.396
359	71.5009
360	71.7991
361	70.9557
362	69.3811
363	68.4156
364	68.0975
365	67.9694
366	67.5143
367	67.7704
368	68.1394
369	67.677
370	67.8009
371	67.9314
372	68.0333
373	67.7181
374	67.591
375	67.7465
376	67.7522
377	68.1636
378	67.8169
379	67.553
380	67.6021
381	67.5751
382	67.9843
383	67.7857
384	67.6638
385	67.7221
386	67.5546
387	67.8323
388	68.1407
389	67.5704
390	67.5632
391	67.6013
392	67.7638
393	67.6192
394	67.5516
395	67.6437
396	67.8326
397	67.8223
398	67.7416
399	67.5532
400	67.5565
401	67.486
402	67.3838
403	67.503
404	67.735
405	67.7141
406	67.6818
407	67.6377
408	67.6204
409	67.65
410	67.6869
411	67.4627
412	67.5521
413	67.5708
414	67.5548
415	67.7091
416	67.8601
417	67.5419
418	67.6514
419	67.8296
420	68.0278
421	67.7807
422	67.7384
423	67.6696
424	67.6967
425	67.6221
426	67.7688
427	67.7426
428	67.6795
429	67.7007
430	67.7084
431	67.8748
432	67.7008
433	67.6677
434	67.5322
435	67.6895
436	67.8394
437	67.9221
438	68.0415
439	67.6282
440	67.5798
441	67.7293
442	67.8704
443	67.7689
444	67.5268
445	67.7955
446	67.7673
447	67.5854
448	67.5999
449	67.6195
450	67.7616
451	67.5841
452	67.7693
453	67.5798
454	67.4708
455	67.6653
456	67.6608
457	67.467
458	67.432
459	67.5285
460	67.7117
461	67.5231
462	67.6626
463	67.4252
464	67.7239
465	68.1292
466	67.4662
467	67.5587
468	67.694
469	67.831
470	67.6025
471	67.4235
472	67.6627
473	67.9577
474	67.7503
475	68.0177
476	67.7326
477	67.6952
478	67.5662
479	67.8082
480	67.9426
481	67.9026
482	67.7044
483	67.6756
484	67.8771
485	67.8988
486	67.7111
487	67.8232
488	67.9884
489	67.8923
490	67.4938
491	67.601
492	67.728
493	67.6988
494	67.8621
495	67.8316
496	67.7951
497	67.45
498	67.4403
499	67.5851
500	67.7013
501	67.86
502	67.729
503	67.6099
504	67.7675
505	67.8342
506	67.9571
507	67.8059
508	67.7026
509	67.7764
510	67.8071
511	67.7582
512	67.6592
513	67.7559
514	67.6699
515	67.6669
516	67.8224
517	67.7401
518	67.6412
519	67.7803
520	67.547
521	67.6727
522	67.8857
523	67.6522
524	67.859
525	67.649
526	67.4997
527	67.8523
528	67.7301
529	67.806
530	68.0171
531	67.9497
532	67.9658
533	67.8418
534	67.7559
535	67.7553
536	67.4239
537	67.7755
538	67.6949
539	67.5468
540	67.7601
541	67.6001
542	67.5425
543	67.8345
544	67.6434
545	67.7986
546	68.0443
547	67.8634
548	67.6421
549	67.839
550	67.9316
551	67.8651
552	67.7422
553	67.7883
554	67.9566
555	67.781
556	67.7343
557	67.8207
558	67.8135
559	67.6663
560	68.047
561	67.6423
562	67.5996
563	67.6702
564	67.7168
565	67.7555
566	67.5431
567	67.5912
568	67.7176
569	67.5956
570	67.5524
571	67.5826
572	67.6865
573	67.6258
574	67.7132
575	67.6925
576	67.6876
577	67.6513
578	67.7453
579	67.6437
580	67.7723
581	67.7916
582	67.8295
583	67.6115
584	67.7066
585	67.3872
586	67.6262
587	67.5733
588	67.8
589	67.9532
590	67.8674
591	67.6762
592	67.5989
593	67.5626
594	67.7349
595	68.0189
596	68.1613
597	67.9186
598	67.8095
599	67.5909
600	67.7201
601	67.7437
602	67.7461
603	67.6225
604	67.6893
605	67.4251
606	67.5751
607	67.5199
608	67.5167
609	67.5351
610	67.5907
611	67.7982
612	67.9836
613	67.9671
614	67.8094
615	67.519
616	67.6135
617	67.5206
618	67.7282
619	68.0353
620	67.7209
621	67.7243
622	67.8462
623	67.738
624	67.6365
625	67.6039
626	68.1256
627	67.9753
628	67.8343
629	67.7215
630	67.509
631	67.5785
632	67.5088
633	67.4867
634	67.6557
635	67.7077
636	67.4393
637	67.4087
638	67.737
639	67.6785
640	67.7767
641	67.3397
642	67.5248
643	67.5902
644	67.5483
645	67.7317
646	67.5372
647	67.6001
648	67.8835
649	67.8433
650	67.6475
651	68.0036
652	67.7411
653	67.4728
654	67.6001
655	67.696
656	67.5308
657	67.672
658	67.5304
659	67.6858
660	67.7354
661	67.5927
662	67.8446
663	67.4634
664	67.8046
665	67.7901
666	67.6752
667	67.4387
668	67.8297
669	67.4731
670	67.4297
671	67.4937
672	67.5984
673	67.6484
674	67.4207
675	67.7104
676	67.7283
677	67.5121
678	67.4969
679	67.6211
680	67.4765
681	67.6844
682	67.7976
683	67.6839
684	67.4517
685	67.7396
686	67.643
687	67.6238
688	67.5402
689	67.6881
690	67.6497
691	67.7133
692	67.5602
693	67.4232
694	67.6333
695	67.5047
696	67.9182
697	67.7031
698	67.6664
699	67.7784
700	67.495
701	67.3709
702	67.5675
703	67.5315
704	67.89
705	67.6912
706	67.6974
707	67.6902
708	67.6291
709	67.3621
710	67.352
711	67.5632
712	67.6587
713	67.943
714	67.5378
715	67.6344
716	67.3961
717	67.468
718	67.5644
719	67.6965
720	67.5397
721	67.5215
722	67.6152
723	67.5368
724	67.6427
725	67.4082
726	67.4691
727	67.7144
728	67.5312
729	67.6303
730	67.5853
731	67.6892
732	67.5981
733	67.5361
734	67.5371
735	67.4697
736	67.5337
737	67.5694
738	67.6696
739	67.7162
740	67.5988
741	67.6612
742	67.764
743	67.77
744	67.5898
745	67.4966
746	67.549
747	67.5086
748	67.4437
749	67.92
750	67.7317
751	67.5812
752	67.7505
753	67.476
754	67.7125
755	67.321
756	67.5854
757	67.4623
758	67.3713
759	67.5985
760	67.8619
761	68.0237
762	67.7762
763	67.9277
764	67.8495
765	67.7159
766	67.844
767	67.6542
768	67.7487
769	67.3773
770	67.683
771	67.7375
772	67.5925
773	67.4799
774	67.6254
775	67.6714
776	67.5393
777	67.357
778	67.718
779	67.6255
780	67.6748
781	67.4148
782	67.6096
783	67.6617
784	67.6285
785	67.5646
786	67.5376
787	67.5957
788	67.7841
789	67.5824
790	67.5355
791	67.5082
792	67.4285
793	67.6306
794	67.5634
795	67.4664
796	67.7613
797	67.5184
798	67.5816
799	67.6972
800	67.4348
801	67.6905
802	67.7218
803	67.6137
804	67.5693
805	67.482
806	67.5868
807	67.5214
808	67.4932
809	67.6316
810	67.4905
811	67.5362
812	67.5155
813	67.4461
814	67.3792
815	67.3631
816	67.4408
817	67.7683
818	67.7566
819	67.6824
820	67.55
821	67.6491
822	67.7531
823	67.4194
824	67.4943
825	67.5115
826	67.5941
827	67.7419
828	67.8401
829	67.8226
830	67.615
831	67.6745
832	67.6378
833	67.6238
834	67.4788
835	67.4544
836	67.5728
837	67.6203
838	67.4444
839	67.5389
840	67.5824
841	67.4865
842	67.6195
843	67.8521
844	67.8232
845	67.7004
846	67.7306
847	67.6515
848	67.9144
849	67.5523
850	67.5893
851	67.4758
852	67.697
853	67.8433
854	67.8393
855	67.514
856	67.5198
857	67.679
858	67.517
859	67.2588
860	67.4399
861	67.6739
862	67.5207
863	67.5753
864	67.6431
865	67.8968
866	67.7045
867	67.8342
868	67.5825
869	67.4324
870	67.3794
871	67.5894
872	67.563
873	67.815
874	67.8487
875	67.754
876	67.9221
877	67.7974
878	67.7902
879	67.6811
880	67.4528
881	67.47
882	67.5292
883	67.5776
884	67.7227
885	67.6032
886	67.4114
887	67.569
888	67.7539
889	68.0235
890	67.9615
891	67.742
892	67.8167
893	67.8676
894	67.7782
895	67.9092
896	67.4747
897	67.614
898	67.8716
899	67.6463
900	67.5328
901	67.8815
902	67.587
903	67.5779
904	67.5171
905	67.6715
906	67.6727
907	67.6253
908	67.5751
909	67.5264
910	67.7524
911	67.6497
912	67.5583
913	67.3971
914	67.557
915	67.6626
916	67.6697
917	67.537
918	67.5558
919	67.618
920	67.6956
921	67.6383
922	67.6979
923	67.7533
924	67.6482
925	67.8916
926	67.4051
927	67.8906
928	67.6394
929	67.5966
930	67.8502
931	67.6899
932	67.6095
933	67.5247
934	67.6115
935	67.6191
936	67.3552
937	67.284
938	67.7491
939	67.7369
940	67.7663
941	67.583
942	67.1807
943	67.3154
944	67.5234
945	67.681
946	67.6765
947	67.7113
948	67.7198
949	67.3088
950	67.6467
951	67.8013
952	67.6667
953	67.5381
954	67.653
955	67.5075
956	67.8451
957	67.8027
958	67.6941
959	67.4222
960	67.5075
961	67.5693
962	67.3657
963	67.4558
964	67.5969
965	67.6915
966	67.5694
967	67.7254
968	67.8461
969	68.1752
970	67.7853
971	67.5138
972	67.7897
973	67.4923
974	67.5257
975	67.8185
976	67.7566
977	67.4855
978	67.6119
979	67.7328
980	67.8028
981	67.7545
982	67.4926
983	67.7016
984	67.6325
985	67.8258
986	68.136
987	67.5763
988	67.6207
989	67.4871
990	67.6539
991	67.6697
992	67.8939
993	67.559
994	67.5675
995	67.4513
996	67.7677
997	68.0218
998	67.4663
999	67.6575
1000	67.498
1001	67.5175
1002	67.5865
1003	67.9324
1004	67.6709
1005	67.6053
1006	67.7161
1007	67.7996
1008	67.6276
1009	67.6161
1010	67.6805
1011	67.4701
1012	67.4627
1013	67.4775
1014	67.6042
1015	67.4615
1016	67.4544
1017	67.6172
1018	67.6827
1019	67.6533
1020	67.6424
1021	67.7365
1022	67.4715
1023	67.7867
1024	67.348
1025	67.4453
1026	67.5758
1027	67.7228
1028	67.67
1029	67.6264
1030	67.6231
1031	67.6778
1032	67.371
1033	67.5874
1034	67.578
1035	67.61
1036	67.6826
1037	67.5287
1038	67.6806
1039	67.793
1040	67.5684
1041	67.6103
1042	67.6137
1043	67.8698
1044	67.9816
1045	67.6338
1046	67.7579
1047	67.6055
1048	67.4671
1049	67.7661
1050	67.7287
1051	67.8449
1052	67.6212
1053	67.5622
1054	67.8392
1055	67.6431
1056	67.3768
1057	67.3611
1058	67.5011
1059	67.3622
1060	67.7497
1061	67.616
1062	67.5973
1063	67.5692
1064	67.9267
1065	67.5073
1066	67.4476
1067	67.4327
1068	67.646
1069	67.8639
1070	67.761
1071	67.7071
1072	67.7103
1073	67.7794
1074	67.6327
1075	67.6821
1076	67.4901
1077	67.4767
1078	67.4732
1079	67.5189
1080	67.3426
1081	67.0933
1082	66.9109
1083	67.038
1084	67.3029
1085	66.8097
1086	66.7128
1087	66.5782
1088	66.6288
1089	66.9083
1090	66.5694
1091	66.6362
1092	66.5933
1093	66.8192
1094	66.6736
1095	66.6518
1096	66.6327
1097	66.7103
1098	66.8641
1099	66.571
1100	66.54
1101	66.5968
1102	66.6876
1103	66.3997
1104	66.4674
1105	66.5681
1106	66.4682
1107	66.7646
1108	66.5579
1109	66.6106
1110	66.5626
1111	66.5576
1112	66.7509
1113	66.7943
1114	66.7073
1115	66.6358
1116	66.69
1117	66.9544
1118	66.9705
1119	66.9425
1120	66.784
1121	66.6355
1122	66.7075
1123	66.6119
1124	66.6612
1125	66.5236
1126	66.5979
1127	66.6553
1128	66.4314
1129	66.6424
1130	66.6735
1131	66.5057
1132	66.5496
1133	66.5514
1134	66.5769
1135	66.6194
1136	66.7972
1137	66.9703
1138	66.8476
1139	66.8736
1140	66.8159
1141	66.9889
1142	66.8051
1143	66.8103
1144	66.757
1145	67.0245
1146	66.8466
1147	66.7573
1148	66.8175
1149	66.8097
1150	66.6565
1151	66.8115
1152	66.7847
1153	66.7383
1154	66.9478
1155	66.7887
1156	66.8296
1157	66.4322
1158	66.659
1159	66.8776
1160	66.9459
1161	66.6053
1162	66.573
1163	66.6748
1164	66.6782
1165	66.785
1166	66.7483
1167	66.717
1168	66.7012
1169	67.1097
1170	66.8828
1171	66.7785
1172	66.726
1173	66.9277
1174	66.9819
1175	66.801
1176	66.8414
1177	66.7282
1178	66.5621
1179	66.7064
1180	66.425
1181	66.5726
1182	66.74
1183	66.9397
1184	66.6476
1185	66.7276
1186	66.545
1187	66.4062
1188	66.5143
1189	66.6805
1190	66.4379
1191	66.4909
1192	66.8179
1193	66.7772
1194	67.0219
1195	66.6282
1196	66.5197
1197	66.6446
1198	66.9636
1199	66.8751
1200	66.7331
1201	66.6097
1202	66.4673
1203	66.8131
1204	66.6529
1205	66.7117
1206	66.729
1207	66.6905
1208	66.5021
1209	66.5055
1210	66.6577
1211	66.6336
1212	66.6951
1213	66.5879
1214	66.6066
1215	66.5984
1216	66.6615
1217	66.5226
1218	66.7305
1219	66.73
1220	66.575
1221	66.5566
1222	66.9639
1223	66.7074
1224	66.5599
1225	66.5026
1226	66.4858
1227	66.7204
1228	67.1394
1229	66.8295
1230	66.7998
1231	66.715
1232	66.6486
1233	66.6548
1234	66.689
1235	66.9428
1236	66.6774
1237	66.6788
1238	66.8911
1239	66.5725
1240	66.4344
1241	66.5456
1242	66.3929
1243	66.5768
1244	66.6827
1245	66.5668
1246	66.7945
1247	67.0055
1248	66.3978
1249	66.523
1250	66.8974
1251	66.7091
1252	66.6985
1253	66.8406
1254	66.8938
1255	66.8207
1256	66.5438
1257	66.62
1258	66.7978
1259	66.7059
1260	66.6771
1261	66.6621
1262	66.5156
1263	66.6453
1264	66.7294
1265	66.6226
1266	66.7621
1267	66.7674
1268	66.7696
1269	66.6946
1270	66.6301
1271	66.62
1272	66.751
1273	66.9563
1274	66.5589
1275	66.614
1276	66.4543
1277	66.6286
1278	66.8487
1279	66.5859
1280	66.7398
1281	66.697
1282	66.5365
1283	66.7198
1284	66.6393
1285	66.7327
1286	66.7247
1287	66.662
1288	66.7638
1289	66.6398
1290	66.8047
1291	66.8045
1292	66.9536
1293	66.8952
1294	66.8393
1295	66.6223
1296	66.5098
1297	66.6943
1298	66.6861
1299	66.3855
1300	66.6923
1301	66.9242
1302	66.9096
1303	66.7172
1304	66.7688
1305	66.7959
1306	66.7271
1307	66.9362
1308	66.6612
1309	66.8769
1310	66.761
1311	66.7319
1312	66.9705
1313	66.8331
1314	66.7763
1315	66.7954
1316	66.4363
1317	66.6093
1318	67.1096
1319	67.0575
1320	66.979
1321	66.711
1322	66.715
1323	66.7815
1324	66.6221
1325	66.5011
1326	66.7049
1327	66.6396
1328	66.9811
1329	66.8482
1330	66.5677
1331	66.5918
1332	66.832
1333	66.9451
1334	66.8162
1335	66.8067
1336	66.6616
1337	66.5933
1338	66.9156
1339	67.2392
1340	66.6869
1341	66.7567
1342	66.7187
1343	66.5764
1344	66.6448
1345	66.986
1346	67.023
1347	66.8789
1348	66.5423
1349	66.5389
1350	66.6884
1351	66.5189
1352	66.5312
1353	66.7803
1354	66.5024
1355	66.6482
1356	66.9013
1357	66.9166
1358	66.8389
1359	66.9129
1360	66.775
1361	66.9781
1362	66.6361
1363	66.6318
1364	66.5945
1365	66.7965
1366	66.5596
1367	66.8606
1368	67.139
1369	66.7953
1370	66.6072
1371	66.7884
1372	66.6738
1373	66.887
1374	66.5039
1375	66.6424
1376	66.8944
1377	66.8822
1378	66.6162
1379	66.8134
1380	66.7168
1381	66.8669
1382	66.7918
1383	66.9835
1384	66.7724
1385	66.4283
1386	66.542
1387	66.4548
1388	66.7209
1389	66.743
1390	66.7083
1391	66.7488
1392	67.0365
1393	66.8253
1394	66.7261
1395	66.6355
1396	66.5671
1397	66.4764
1398	66.8497
1399	66.7625
1400	66.5101
1401	66.5876
1402	66.6282
1403	66.4365
1404	66.5859
1405	66.6871
1406	66.8408
1407	67.1297
1408	66.6306
1409	66.5194
1410	66.6338
1411	66.8015
1412	66.9331
1413	66.9312
1414	66.7094
1415	66.6461
1416	66.5443
1417	66.7164
1418	66.8781
1419	66.5805
1420	66.8541
1421	66.7058
1422	66.4876
1423	66.7113
1424	66.5337
1425	66.5811
1426	66.515
1427	66.6885
1428	66.6277
1429	66.6191
1430	66.4208
1431	66.4904
1432	66.6431
1433	66.694
1434	66.4977
1435	66.2993
1436	66.898
1437	66.6553
1438	66.9919
1439	66.7212
1440	67.1704
1441	66.7723
1442	66.669
1443	66.5117
1444	66.7021
1445	66.7642
1446	66.5936
1447	66.7484
1448	66.9082
1449	66.6787
1450	66.8896
1451	66.8702
1452	66.8538
1453	66.656
1454	66.6496
1455	66.7084
1456	66.826
1457	66.5564
1458	66.6735
1459	66.5651
1460	66.7645
1461	66.8614
1462	66.706
1463	66.641
1464	66.6609
1465	66.7166
1466	66.7337
1467	66.9761
1468	66.7873
1469	66.6821
1470	66.7514
1471	66.8421
1472	66.5785
1473	66.6134
1474	66.4684
1475	66.6462
1476	66.5521
1477	66.666
1478	66.5939
1479	66.7743
1480	66.4034
1481	66.5857
1482	66.6234
1483	66.5335
1484	66.6428
1485	66.4929
1486	66.9421
1487	66.7922
1488	67.0226
1489	66.9363
1490	66.6936
1491	66.6634
1492	66.6633
1493	66.7132
1494	66.3676
1495	66.4938
1496	66.7668
1497	66.5341
1498	66.4581
1499	66.3683
1500	66.5309
