Gen:	L_2
1	395.766
2	382.745
3	359.146
4	346.171
5	338.111
6	327.533
7	317.445
8	310.288
9	292.04
10	287.568
11	280.431
12	271.888
13	264.49
14	255.403
15	249.726
16	244.365
17	238.512
18	232.006
19	228.241
20	224.389
21	219.725
22	216.271
23	212.856
24	208.147
25	204.056
26	202.287
27	200.414
28	194.646
29	190.994
30	186.407
31	183.453
32	180.171
33	177.252
34	175.191
35	173.466
36	171.404
37	169.492
38	166.523
39	165.061
40	163.651
41	161.365
42	160.799
43	159.306
44	158.369
45	155.127
46	153.157
47	151.199
48	150.576
49	147.524
50	146.181
51	145.246
52	144.108
53	142.284
54	140.995
55	138.993
56	137.331
57	136.094
58	133.818
59	133.425
60	131.286
61	128.858
62	127.639
63	126.757
64	122.911
65	122.424
66	121.481
67	119.375
68	118.422
69	117.497
70	116.219
71	116.172
72	110.9
73	110.037
74	109.45
75	107.662
76	106.215
77	106.215
78	106.215
79	105.111
80	104.917
81	104.149
82	103.907
83	102.782
84	102.014
85	101.437
86	100.973
87	100.951
88	100.567
89	100.043
90	99.2962
91	98.633
92	97.9657
93	97.9632
94	97.365
95	96.8705
96	96.2432
97	96.0791
98	95.6624
99	93.8235
100	92.8709
101	91.9555
102	91.9555
103	91.7177
104	91.286
105	89.9434
106	88.9861
107	88.053
108	87.4019
109	87.1363
110	86.2417
111	85.6341
112	85.5106
113	85.5106
114	85.1897
115	85.0673
116	84.8512
117	84.8265
118	84.2267
119	84.0105
120	83.6046
121	83.4147
122	83.2482
123	83.153
124	83.1139
125	83.0452
126	83.006
127	82.5253
128	82.4175
129	82.4175
130	82.3156
131	82.3156
132	82.3156
133	81.8565
134	81.8565
135	81.7462
136	81.187
137	81.1317
138	80.6238
139	80.5685
140	80.5685
141	80.5345
142	80.5345
143	80.5345
144	79.9761
145	79.9096
146	79.9096
147	79.9096
148	79.9096
149	78.5292
150	78.5292
151	78.4755
152	78.4716
153	78.0428
154	77.9067
155	77.8117
156	77.1549
157	77.0662
158	77.0085
159	76.6081
160	76.5193
161	76.5193
162	76.4965
163	76.4965
164	75.9204
165	75.7084
166	75.4841
167	75.4841
168	75.1092
169	75.1092
170	75.1092
171	75.1092
172	75.1092
173	75.1092
174	74.8354
175	74.8354
176	74.7029
177	74.7029
178	74.7029
179	74.7029
180	74.7029
181	74.7029
182	74.3194
183	74.3194
184	74.3194
185	74.3194
186	74.3194
187	74.3194
188	74.3194
189	74.3194
190	74.3194
191	74.3194
192	74.3194
193	74.3194
194	74.3194
195	74.3194
196	74.3194
197	74.3194
198	74.3194
199	73.9406
200	73.9406
201	73.4125
202	73.4125
203	73.4125
204	73.3569
205	73.3569
206	73.3569
207	73.3569
208	73.3569
209	73.3569
210	73.3569
211	73.3569
212	73.3569
213	73.183
214	73.183
215	73.183
216	73.183
217	73.183
218	73.183
219	73.183
220	73.1271
221	73.1271
222	73.1271
223	73.1271
224	73.1271
225	72.7986
226	72.7986
227	72.7986
228	72.7986
229	72.7986
230	72.7986
231	72.7986
232	72.7986
233	72.7986
234	72.7986
235	72.7986
236	72.7986
237	72.7986
238	72.7986
239	72.7986
240	72.7986
241	72.7986
242	72.7986
243	72.7986
244	72.7986
245	72.7445
246	72.6941
247	72.6941
248	72.6941
249	72.6941
250	72.6941
251	72.6941
252	72.6941
253	72.6941
254	72.6941
255	72.6941
256	72.6941
257	72.6941
258	72.6941
259	72.6941
260	72.6941
261	72.6941
262	72.6941
263	72.6941
264	72.6941
265	72.6941
266	72.6941
267	72.6941
268	72.663
269	72.663
270	72.663
271	72.663
272	72.663
273	72.663
274	72.663
275	72.663
276	72.663
277	72.2347
278	72.2347
279	72.2347
280	72.2347
281	72.2347
282	72.2347
283	72.2347
284	72.2347
285	72.2347
286	72.2347
287	72.2347
288	72.2347
289	72.2347
290	72.2347
291	72.2347
292	72.2347
293	72.2347
294	72.2347
295	72.2347
296	72.2347
297	72.2347
298	72.2347
299	72.2347
300	72.2347
301	72.2347
302	72.2347
303	72.2347
304	72.2347
305	72.2347
306	72.2347
307	72.2347
308	72.2347
309	72.2347
310	72.2347
311	72.2347
312	72.2347
313	72.2347
314	72.2347
315	72.2347
316	72.2347
317	72.2347
318	72.2347
319	72.0672
320	72.0672
321	72.0672
322	72.0672
323	72.0631
324	71.3201
325	71.2464
326	70.8546
327	70.8546
328	70.8546
329	70.8546
330	70.8546
331	70.8546
332	70.8546
333	70.8546
334	70.8546
335	70.8546
336	70.8546
337	70.8546
338	70.8546
339	70.8546
340	70.8546
341	70.8546
342	70.8546
343	70.8546
344	70.8546
345	70.8546
346	70.8546
347	70.8546
348	70.8546
349	70.8546
350	70.8546
351	70.8546
352	70.8546
353	70.8546
354	70.8546
355	70.8546
356	70.8546
357	70.8546
358	70.8546
359	70.8546
360	67.0804
361	67.0804
362	67.0804
363	67.0804
364	67.0804
365	67.0728
366	67.0728
367	67.0728
368	67.0728
369	67.0728
370	67.0728
371	67.0728
372	67.0728
373	67.0728
374	67.0728
375	67.0728
376	67.0728
377	67.0728
378	67.0728
379	67.0728
380	67.0728
381	67.0728
382	67.0728
383	67.0728
384	67.0728
385	67.0728
386	67.0728
387	67.0152
388	67.0152
389	67.0152
390	67.0152
391	67.0152
392	67.0152
393	67.0152
394	67.0152
395	67.0152
396	67.0152
397	67.0152
398	67.0152
399	67.0152
400	67.0152
401	67.0152
402	67.0152
403	67.0152
404	67.0152
405	67.0152
406	67.0152
407	67.0152
408	67.0152
409	67.0152
410	67.0152
411	67.0152
412	67.0152
413	67.0152
414	67.0152
415	67.0152
416	67.0152
417	67.0152
418	67.0152
419	67.0152
420	67.0152
421	67.0152
422	67.0152
423	67.0152
424	67.0152
425	67.0152
426	67.0152
427	67.0152
428	67.0152
429	67.0152
430	67.0152
431	67.0152
432	67.0152
433	67.0152
434	67.0152
435	67.0152
436	67.0152
437	67.0152
438	67.0152
439	67.0152
440	67.0152
441	67.0152
442	67.0152
443	67.0152
444	67.0152
445	67.0152
446	67.0152
447	67.0152
448	67.0152
449	67.0152
450	67.0152
451	67.0152
452	67.0152
453	67.0152
454	67.0152
455	67.0152
456	67.0152
457	67.0152
458	67.0152
459	67.0152
460	67.0152
461	67.0152
462	67.0152
463	67.0152
464	67.0152
465	67.0152
466	67.0152
467	67.0152
468	67.0152
469	67.0152
470	67.0152
471	67.0152
472	67.0152
473	67.0152
474	67.0152
475	67.0152
476	67.0152
477	67.0152
478	67.0152
479	67.0152
480	67.0152
481	67.0152
482	67.0152
483	67.0152
484	67.0152
485	67.0152
486	67.0152
487	67.0152
488	67.0152
489	67.0152
490	67.0152
491	67.0152
492	67.0152
493	67.0152
494	67.0152
495	67.0152
496	67.0152
497	67.0152
498	67.0152
499	67.0152
500	67.0152
501	67.0152
502	67.0152
503	67.0152
504	67.0152
505	67.0152
506	67.0152
507	67.0152
508	67.0152
509	67.0152
510	67.0152
511	67.0152
512	67.0152
513	67.0152
514	67.0152
515	67.0152
516	67.0152
517	67.0152
518	67.0152
519	67.0152
520	67.0152
521	67.0152
522	67.0152
523	67.0152
524	67.0152
525	67.0152
526	67.0152
527	67.0152
528	67.0152
529	67.0152
530	67.0152
531	67.0152
532	67.0152
533	67.0152
534	67.0152
535	67.0152
536	67.0152
537	67.0152
538	67.0152
539	67.0152
540	67.0152
541	67.0152
542	67.0152
543	67.0152
544	67.0152
545	67.0152
546	67.0152
547	67.0152
548	67.0152
549	67.0152
550	67.0152
551	67.0152
552	67.0152
553	67.0152
554	67.0152
555	67.0152
556	67.0152
557	67.0152
558	67.0152
559	67.0152
560	67.0152
561	67.0152
562	67.0152
563	67.0152
564	67.0152
565	67.0152
566	67.0152
567	67.0152
568	67.0152
569	67.0152
570	67.0152
571	67.0152
572	67.0152
573	67.0152
574	67.0152
575	67.0152
576	67.0152
577	67.0152
578	67.0152
579	67.0152
580	67.0152
581	67.0152
582	67.0152
583	67.0152
584	67.0152
585	67.0152
586	67.0152
587	67.0152
588	67.0152
589	67.0152
590	67.0152
591	67.0152
592	67.0152
593	67.0152
594	67.0152
595	67.0152
596	67.0152
597	67.0152
598	67.0152
599	67.0152
600	67.0152
601	67.0152
602	67.0152
603	67.0152
604	67.0152
605	67.0152
606	67.0152
607	67.0152
608	67.0152
609	67.0152
610	67.0152
611	67.0152
612	67.0152
613	67.0152
614	67.0152
615	67.0152
616	67.0152
617	67.0152
618	67.0152
619	67.0152
620	67.0152
621	67.0152
622	67.0152
623	67.0152
624	67.0152
625	67.0152
626	67.0152
627	66.9209
628	66.9209
629	66.9209
630	66.9209
631	66.9209
632	66.9209
633	66.9209
634	66.9209
635	66.9209
636	66.9209
637	66.9209
638	66.9209
639	66.9209
640	66.9209
641	66.9209
642	66.9209
643	66.9209
644	66.9209
645	66.9209
646	66.9209
647	66.9209
648	66.9209
649	66.9209
650	66.9209
651	66.9209
652	66.9209
653	66.9209
654	66.9209
655	66.9209
656	66.9209
657	66.9209
658	66.9209
659	66.9209
660	66.9209
661	66.9209
662	66.9209
663	66.9209
664	66.9209
665	66.9209
666	66.9209
667	66.9209
668	66.9209
669	66.9209
670	66.9209
671	66.9209
672	66.9209
673	66.9209
674	66.9209
675	66.9209
676	66.9209
677	66.9209
678	66.9209
679	66.9209
680	66.9209
681	66.9209
682	66.9209
683	66.9209
684	66.9209
685	66.9209
686	66.9209
687	66.9209
688	66.9209
689	66.9209
690	66.9209
691	66.9209
692	66.9209
693	66.9209
694	66.9209
695	66.9209
696	66.9209
697	66.9209
698	66.9209
699	66.9209
700	66.9209
701	66.9209
702	66.9209
703	66.9209
704	66.9209
705	66.9209
706	66.9209
707	66.9209
708	66.9209
709	66.9209
710	66.9209
711	66.9209
712	66.9209
713	66.9209
714	66.9209
715	66.9209
716	66.9209
717	66.9209
718	66.9209
719	66.9209
720	66.9209
721	66.9209
722	66.9209
723	66.9209
724	66.9209
725	66.9209
726	66.9209
727	66.9209
728	66.9209
729	66.9209
730	66.9209
731	66.9209
732	66.9209
733	66.9209
734	66.9209
735	66.9209
736	66.9209
737	66.9209
738	66.9209
739	66.9209
740	66.9209
741	66.9209
742	66.9209
743	66.9209
744	66.9209
745	66.9209
746	66.9209
747	66.9209
748	66.9209
749	66.9209
750	66.9209
751	66.9209
752	66.9209
753	66.9209
754	66.9209
755	66.9209
756	66.9209
757	66.9209
758	66.9209
759	66.9209
760	66.9209
761	66.9209
762	66.9209
763	66.9209
764	66.9209
765	66.9209
766	66.9209
767	66.9209
768	66.9209
769	66.9209
770	66.9209
771	66.9209
772	66.9209
773	66.9209
774	66.9209
775	66.9209
776	66.9209
777	66.9209
778	66.9209
779	66.9209
780	66.9209
781	66.9209
782	66.9209
783	66.9209
784	66.9209
785	66.9209
786	66.9209
787	66.9209
788	66.9209
789	66.9209
790	66.9209
791	66.9209
792	66.9209
793	66.9209
794	66.9209
795	66.9209
796	66.9209
797	66.9209
798	66.9209
799	66.9209
800	66.9209
801	66.9209
802	66.9209
803	66.9209
804	66.9209
805	66.9209
806	66.9209
807	66.9209
808	66.9209
809	66.9209
810	66.9209
811	66.9209
812	66.9209
813	66.9209
814	66.9209
815	66.9209
816	66.9209
817	66.9209
818	66.9209
819	66.9209
820	66.9209
821	66.9209
822	66.9209
823	66.9209
824	66.9209
825	66.9209
826	66.9209
827	66.9209
828	66.9209
829	66.9209
830	66.9209
831	66.9209
832	66.9209
833	66.9209
834	66.9209
835	66.9209
836	66.9209
837	66.9209
838	66.9209
839	66.9209
840	66.9209
841	66.9209
842	66.9209
843	66.9209
844	66.9209
845	66.9209
846	66.9209
847	66.9209
848	66.9209
849	66.9209
850	66.9209
851	66.9209
852	66.9209
853	66.9209
854	66.9209
855	66.9209
856	66.9209
857	66.9209
858	66.9209
859	66.9209
860	66.9209
861	66.9209
862	66.9209
863	66.9209
864	66.9209
865	66.9209
866	66.9209
867	66.9209
868	66.9209
869	66.9209
870	66.9209
871	66.9209
872	66.9209
873	66.9209
874	66.9209
875	66.9209
876	66.9209
877	66.9209
878	66.9209
879	66.9209
880	66.9209
881	66.9209
882	66.9209
883	66.9209
884	66.9209
885	66.9209
886	66.9209
887	66.9209
888	66.9209
889	66.9209
890	66.9209
891	66.9209
892	66.9209
893	66.9209
894	66.9209
895	66.9209
896	66.9209
897	66.9209
898	66.9209
899	66.9209
900	66.9209
901	66.9209
902	66.9209
903	66.9209
904	66.9209
905	66.9209
906	66.9209
907	66.9209
908	66.9209
909	66.9209
910	66.9209
911	66.9209
912	66.9209
913	66.9209
914	66.9209
915	66.9209
916	66.9209
917	66.9209
918	66.9209
919	66.9209
920	66.9209
921	66.9209
922	66.9209
923	66.9209
924	66.9209
925	66.9209
926	66.9209
927	66.9209
928	66.9209
929	66.9209
930	66.9209
931	66.9209
932	66.9209
933	66.9209
934	66.9209
935	66.9209
936	66.9209
937	66.9209
938	66.9209
939	66.9209
940	66.9209
941	66.9209
942	66.9209
943	66.9209
944	66.9209
945	66.9209
946	66.9209
947	66.9209
948	66.9209
949	66.9209
950	66.9209
951	66.9209
952	66.9209
953	66.9209
954	66.9209
955	66.9209
956	66.9209
957	66.9209
958	66.9209
959	66.9209
960	66.9209
961	66.9209
962	66.9209
963	66.9209
964	66.9209
965	66.9209
966	66.9209
967	66.9209
968	66.9209
969	66.9209
970	66.9209
971	66.9209
972	66.9209
973	66.9209
974	66.9209
975	66.9209
976	66.9209
977	66.9209
978	66.9209
979	66.9209
980	66.9209
981	66.9209
982	66.9209
983	66.9209
984	66.9209
985	66.9209
986	66.9209
987	66.9209
988	66.9209
989	66.9209
990	66.9209
991	66.9209
992	66.9209
993	66.9209
994	66.9209
995	66.9209
996	66.9209
997	66.9209
998	66.9209
999	66.9209
1000	66.9209
1001	66.9209
1002	66.9209
1003	66.9209
1004	66.9209
1005	66.9209
1006	66.9209
1007	66.9209
1008	66.9209
1009	66.9209
1010	66.9209
1011	66.9209
1012	66.9209
1013	66.9209
1014	66.9209
1015	66.9209
1016	66.9209
1017	66.9209
1018	66.9209
1019	66.9209
1020	66.9209
1021	66.9209
1022	66.9209
1023	66.9209
1024	66.9209
1025	66.9209
1026	66.9209
1027	66.9209
1028	66.9209
1029	66.9209
1030	66.9209
1031	66.9209
1032	66.9209
1033	66.9209
1034	66.9209
1035	66.9209
1036	66.9209
1037	66.9209
1038	66.9209
1039	66.9209
1040	66.9209
1041	66.9209
1042	66.9209
1043	66.9209
1044	66.9209
1045	66.9209
1046	66.9209
1047	66.9209
1048	66.9209
1049	66.9209
1050	66.9209
1051	66.9209
1052	66.9209
1053	66.9209
1054	66.9209
1055	66.9209
1056	66.9209
1057	66.9209
1058	66.9209
1059	66.9209
1060	66.9209
1061	66.9209
1062	66.9209
1063	66.9209
1064	66.9209
1065	66.9209
1066	66.9209
1067	66.9209
1068	66.9209
1069	66.9209
1070	66.9209
1071	66.9209
1072	66.9209
1073	66.9209
1074	66.9209
1075	66.9209
1076	66.9209
1077	66.9209
1078	66.9209
1079	66.9209
1080	65.9931
1081	65.9931
1082	65.9931
1083	65.9931
1084	65.9931
1085	65.9931
1086	65.9931
1087	65.9931
1088	65.9931
1089	65.9931
1090	65.9931
1091	65.9931
1092	65.9931
1093	65.9931
1094	65.9931
1095	65.9931
1096	65.9931
1097	65.9931
1098	65.9931
1099	65.9931
1100	65.9931
1101	65.9931
1102	65.9931
1103	65.9931
1104	65.9931
1105	65.9931
1106	65.9931
1107	65.9931
1108	65.9931
1109	65.9931
1110	65.9931
1111	65.9931
1112	65.9931
1113	65.9931
1114	65.9931
1115	65.9931
1116	65.9931
1117	65.9931
1118	65.9931
1119	65.9931
1120	65.9931
1121	65.9931
1122	65.9931
1123	65.9931
1124	65.9931
1125	65.9931
1126	65.9931
1127	65.9931
1128	65.9931
1129	65.9931
1130	65.9931
1131	65.9931
1132	65.9931
1133	65.9931
1134	65.9931
1135	65.9931
1136	65.9931
1137	65.9931
1138	65.9931
1139	65.9931
1140	65.9931
1141	65.9931
1142	65.9931
1143	65.9931
1144	65.9931
1145	65.9931
1146	65.9931
1147	65.9931
1148	65.9931
1149	65.9931
1150	65.9931
1151	65.9931
1152	65.9931
1153	65.9931
1154	65.9931
1155	65.9931
1156	65.9931
1157	65.9931
1158	65.9931
1159	65.9931
1160	65.9931
1161	65.9931
1162	65.9931
1163	65.9931
1164	65.9931
1165	65.9931
1166	65.9931
1167	65.9931
1168	65.9931
1169	65.9931
1170	65.9931
1171	65.9931
1172	65.9931
1173	65.9931
1174	65.9931
1175	65.9931
1176	65.9931
1177	65.9931
1178	65.9931
1179	65.9931
1180	65.9931
1181	65.9931
1182	65.9931
1183	65.9931
1184	65.9931
1185	65.9931
1186	65.9931
1187	65.9931
1188	65.9931
1189	65.9931
1190	65.9931
1191	65.9931
1192	65.9931
1193	65.9931
1194	65.9931
1195	65.9931
1196	65.9931
1197	65.9931
1198	65.9931
1199	65.9931
1200	65.9931
1201	65.9931
1202	65.9931
1203	65.9931
1204	65.9931
1205	65.9931
1206	65.9931
1207	65.9931
1208	65.9931
1209	65.9931
1210	65.9931
1211	65.9931
1212	65.9931
1213	65.9931
1214	65.9931
1215	65.9931
1216	65.9931
1217	65.9931
1218	65.9931
1219	65.9931
1220	65.9931
1221	65.9931
1222	65.9931
1223	65.9931
1224	65.9931
1225	65.9931
1226	65.9931
1227	65.9931
1228	65.9931
1229	65.9931
1230	65.9931
1231	65.9931
1232	65.9931
1233	65.9931
1234	65.9931
1235	65.9931
1236	65.9931
1237	65.9931
1238	65.9931
1239	65.9931
1240	65.9931
1241	65.9931
1242	65.9931
1243	65.9931
1244	65.9931
1245	65.9931
1246	65.9931
1247	65.9931
1248	65.9931
1249	65.9931
1250	65.9931
1251	65.9931
1252	65.9931
1253	65.9931
1254	65.9931
1255	65.9931
1256	65.9931
1257	65.9931
1258	65.9931
1259	65.9931
1260	65.9931
1261	65.9931
1262	65.9931
1263	65.9931
1264	65.9931
1265	65.9931
1266	65.9931
1267	65.9931
1268	65.9931
1269	65.9931
1270	65.9931
1271	65.9931
1272	65.9931
1273	65.9931
1274	65.9931
1275	65.9931
1276	65.9931
1277	65.9931
1278	65.9931
1279	65.9931
1280	65.9931
1281	65.9931
1282	65.9931
1283	65.9931
1284	65.9931
1285	65.9931
1286	65.9931
1287	65.9931
1288	65.9931
1289	65.9931
1290	65.9931
1291	65.9931
1292	65.9931
1293	65.9931
1294	65.9931
1295	65.9931
1296	65.9931
1297	65.9931
1298	65.9931
1299	65.9931
1300	65.9931
1301	65.9931
1302	65.9931
1303	65.9931
1304	65.9931
1305	65.9931
1306	65.9931
1307	65.9931
1308	65.9931
1309	65.9931
1310	65.9931
1311	65.9931
1312	65.9931
1313	65.9931
1314	65.9931
1315	65.9931
1316	65.9931
1317	65.9931
1318	65.9931
1319	65.9931
1320	65.9931
1321	65.9931
1322	65.9931
1323	65.9931
1324	65.9931
1325	65.9931
1326	65.9931
1327	65.9931
1328	65.9931
1329	65.9931
1330	65.9931
1331	65.9931
1332	65.9931
1333	65.9931
1334	65.9931
1335	65.9931
1336	65.9931
1337	65.9931
1338	65.9931
1339	65.9931
1340	65.9931
1341	65.9931
1342	65.9931
1343	65.9931
1344	65.9931
1345	65.9931
1346	65.9931
1347	65.9931
1348	65.9931
1349	65.9931
1350	65.9931
1351	65.9931
1352	65.9931
1353	65.9931
1354	65.9931
1355	65.9931
1356	65.9931
1357	65.9931
1358	65.9931
1359	65.9931
1360	65.9931
1361	65.9931
1362	65.9931
1363	65.9931
1364	65.9931
1365	65.9931
1366	65.9931
1367	65.9931
1368	65.9931
1369	65.9931
1370	65.9931
1371	65.9931
1372	65.9931
1373	65.9931
1374	65.9931
1375	65.9931
1376	65.9931
1377	65.9931
1378	65.9931
1379	65.9931
1380	65.9931
1381	65.9931
1382	65.9931
1383	65.9931
1384	65.9931
1385	65.9931
1386	65.9931
1387	65.9931
1388	65.9931
1389	65.9931
1390	65.9931
1391	65.9931
1392	65.9931
1393	65.9931
1394	65.9931
1395	65.9931
1396	65.9931
1397	65.9931
1398	65.9931
1399	65.9931
1400	65.9931
1401	65.9931
1402	65.9931
1403	65.9931
1404	65.9931
1405	65.9931
1406	65.9931
1407	65.9931
1408	65.9931
1409	65.9931
1410	65.9931
1411	65.9931
1412	65.9931
1413	65.9931
1414	65.9931
1415	65.9931
1416	65.9931
1417	65.9931
1418	65.9931
1419	65.9931
1420	65.9931
1421	65.9931
1422	65.9931
1423	65.9931
1424	65.9931
1425	65.9931
1426	65.9931
1427	65.9931
1428	65.9931
1429	65.9931
1430	65.9931
1431	65.9931
1432	65.9931
1433	65.9931
1434	65.9931
1435	65.9931
1436	65.9931
1437	65.9931
1438	65.9931
1439	65.9931
1440	65.9931
1441	65.9931
1442	65.9931
1443	65.9931
1444	65.9931
1445	65.9931
1446	65.9931
1447	65.9931
1448	65.9931
1449	65.9931
1450	65.9931
1451	65.9931
1452	65.9931
1453	65.9931
1454	65.9931
1455	65.9931
1456	65.9931
1457	65.9931
1458	65.9931
1459	65.9931
1460	65.9931
1461	65.9931
1462	65.9931
1463	65.9931
1464	65.9931
1465	65.9931
1466	65.9931
1467	65.9931
1468	65.9931
1469	65.9931
1470	65.9931
1471	65.9931
1472	65.9931
1473	65.9931
1474	65.9931
1475	65.9931
1476	65.9931
1477	65.9931
1478	65.9931
1479	65.9931
1480	65.9931
1481	65.9931
1482	65.9931
1483	65.9931
1484	65.9931
1485	65.9931
1486	65.9931
1487	65.9931
1488	65.9931
1489	65.9931
1490	65.9931
1491	65.9931
1492	65.9931
1493	65.9931
1494	65.9931
1495	65.9931
1496	65.9931
1497	65.9931
1498	65.9931
1499	65.9931
1500	65.9931
