Gen:	<L_2>
0	510.053
1	457.877
2	428.313
3	402.217
4	383.608
5	369.672
6	358.009
7	345.679
8	335.91
9	324.781
10	312.385
11	303.269
12	294.883
13	283.507
14	275.686
15	269.614
16	264.992
17	262.322
18	258.611
19	253.292
20	247.572
21	242.318
22	236.21
23	231.429
24	228.025
25	225.686
26	221.704
27	216.547
28	210.499
29	206.362
30	201.688
31	196.976
32	192.673
33	186.823
34	181.766
35	177.89
36	174.587
37	171.425
38	168.504
39	165.699
40	163.21
41	160.267
42	157.528
43	155.203
44	153.019
45	151.247
46	149.343
47	147.581
48	146.61
49	145.791
50	144.027
51	142.798
52	142.332
53	141.774
54	139.905
55	137.853
56	136.242
57	134.455
58	131.769
59	129.031
60	127.347
61	125.951
62	125.206
63	124.152
64	123.365
65	123.05
66	122.793
67	122.06
68	121.237
69	120.756
70	119.894
71	119.633
72	119.467
73	118.756
74	117.427
75	115.484
76	114.468
77	113.883
78	112.882
79	112.064
80	110.796
81	109.389
82	108.557
83	108.156
84	107.64
85	107.061
86	106.667
87	106.158
88	105.615
89	105.162
90	104.603
91	103.897
92	103.869
93	103.551
94	103.454
95	103.848
96	103.626
97	102.515
98	101.584
99	100.402
100	99.6719
101	99.1076
102	98.0133
103	97.5813
104	96.8495
105	96.4418
106	95.8679
107	95.2098
108	94.8706
109	94.5341
110	94.0016
111	93.3564
112	93.0261
113	93.819
114	94.6776
115	93.722
116	93.0963
117	92.531
118	91.9164
119	91.2328
120	90.8316
121	90.4064
122	89.7703
123	89.6092
124	89.1023
125	88.2748
126	87.8
127	87.4382
128	87.043
129	86.8544
130	87.4892
131	88.4802
132	88.0264
133	87.0731
134	86.7321
135	86.1807
136	85.6218
137	85.3835
138	85.2533
139	85.2739
140	85.7821
141	85.6793
142	85.342
143	85.0839
144	84.1994
145	83.5992
146	83.3613
147	83.124
148	82.9761
149	83.0803
150	83.1628
151	82.3885
152	82.3218
153	82.2785
154	81.8777
155	81.6614
156	81.5772
157	81.442
158	81.0649
159	81.0996
160	81.1407
161	80.8429
162	80.8084
163	80.3729
164	80.0731
165	80.0041
166	79.8799
167	80.8149
168	81.248
169	81.2775
170	80.1449
171	79.6539
172	79.4194
173	78.9325
174	78.7035
175	78.5619
176	78.4751
177	78.5896
178	78.269
179	78.1673
180	78.9236
181	79.1823
182	77.946
183	76.3492
184	76.0524
185	75.4599
186	75.469
187	75.3358
188	75.356
189	75.2283
190	75.2861
191	74.8687
192	74.9949
193	75.074
194	74.858
195	74.6966
196	75.0035
197	74.8382
198	74.8378
199	74.6309
200	74.5262
201	74.6151
202	74.6807
203	74.784
204	74.8658
205	74.7058
206	74.6093
207	74.537
208	74.5779
209	74.5138
210	74.5358
211	74.6666
212	74.4555
213	74.5683
214	74.6136
215	74.8938
216	74.846
217	74.9725
218	74.7256
219	74.5633
220	74.5902
221	74.7711
222	74.744
223	74.7951
224	74.5807
225	74.8985
226	74.5686
227	75.0894
228	74.9977
229	74.6117
230	74.8241
231	74.9986
232	74.9002
233	74.7915
234	74.812
235	74.7109
236	74.6732
237	74.6739
238	74.8809
239	74.7985
240	74.7409
241	74.7858
242	74.8456
243	74.6405
244	74.4625
245	74.6773
246	74.4596
247	74.744
248	74.7843
249	74.7687
250	74.6292
251	74.7265
252	74.6169
253	74.8301
254	74.3532
255	74.3198
256	74.5999
257	74.3659
258	74.6219
259	74.6963
260	74.7352
261	74.4089
262	74.5645
263	74.4135
264	74.4582
265	74.3038
266	74.1948
267	74.1715
268	74.1348
269	73.7274
270	73.5183
271	73.5495
272	73.6666
273	73.6076
274	73.3577
275	73.5421
276	73.6149
277	73.3749
278	73.5165
279	73.5435
280	73.6099
281	73.6187
282	73.5003
283	73.2817
284	73.3891
285	73.5213
286	73.7437
287	73.5408
288	73.4024
289	73.5933
290	73.5393
291	73.5755
292	73.5997
293	73.7048
294	73.6923
295	73.5617
296	73.6651
297	73.4127
298	73.2468
299	73.0959
300	73.2814
301	73.227
302	73.4072
303	73.4316
304	73.775
305	73.4795
306	73.3635
307	73.7908
308	73.4151
309	73.7829
310	73.7121
311	73.4264
312	73.3275
313	73.4525
314	73.5225
315	73.3435
316	73.1522
317	72.8264
318	73.047
319	72.7954
320	72.5692
321	72.3461
322	72.4341
323	72.6845
324	72.6445
325	72.7186
326	72.5767
327	72.6629
328	72.8965
329	72.8097
330	72.4921
331	72.4678
332	72.6086
333	72.701
334	72.6347
335	72.6527
336	72.6217
337	72.5293
338	72.7973
339	72.7573
340	72.6264
341	72.6936
342	72.6683
343	72.3431
344	72.2585
345	71.7196
346	71.7359
347	71.6073
348	71.4007
349	71.8168
350	71.5016
351	71.5572
352	71.4846
353	71.9606
354	71.6614
355	71.5628
356	71.6191
357	71.5854
358	71.3508
359	71.4269
360	71.2777
361	71.5959
362	71.596
363	71.7424
364	71.6235
365	71.48
366	71.4052
367	71.4152
368	71.7518
369	71.617
370	71.5943
371	71.4348
372	71.6375
373	71.9077
374	71.6117
375	71.7218
376	71.2369
377	71.0875
378	71.0196
379	71.0512
380	71.0421
381	71.1731
382	71.135
383	71.3726
384	71.4191
385	71.4167
386	71.2648
387	71.2869
388	71.2101
389	71.0546
390	71.1155
391	70.9396
392	71.2058
393	71.2991
394	71.1383
395	71.0004
396	70.7506
397	70.8991
398	70.8299
399	70.826
400	70.8673
401	71.1825
402	71.172
403	71.5013
404	71.0235
405	70.9781
406	70.9159
407	71.066
408	70.9213
409	70.9325
410	70.9308
411	71.0348
412	70.9151
413	70.7077
414	70.8945
415	70.9976
416	71.2553
417	71.0464
418	70.7985
419	71.1226
420	71.0029
421	71.2646
422	71.267
423	71.0752
424	71.2962
425	71.1186
426	71.2441
427	71.1983
428	70.8853
429	70.8891
430	70.9571
431	70.9886
432	70.8034
433	70.9571
434	70.8662
435	71.0796
436	71.2363
437	71.2638
438	71.2459
439	70.9277
440	70.9561
441	71.0296
442	71.184
443	70.8879
444	70.7095
445	70.9714
446	70.9701
447	71.1618
448	70.7994
449	70.603
450	70.9995
451	71.2094
452	71.1792
453	71.0073
454	71.0595
455	70.9129
456	71.0856
457	71.1208
458	71.0292
459	71.1737
460	71.0894
461	71.0758
462	71.0479
463	70.9317
464	71.1049
465	70.8901
466	70.8741
467	70.9202
468	71.042
469	71.043
470	71.1113
471	70.9761
472	70.8921
473	71.017
474	70.6893
475	70.9513
476	71.385
477	71.1544
478	70.9926
479	70.893
480	71.0719
481	71.021
482	70.935
483	71.0338
484	71.0111
485	70.74
486	70.8655
487	70.9059
488	70.9769
489	70.8721
490	70.8842
491	70.9169
492	70.9976
493	70.8369
494	70.5766
495	70.8118
496	70.867
497	71.0039
498	70.9405
499	70.8339
500	70.893
501	70.7113
502	71.1478
503	70.883
504	71.0507
505	71.1577
506	70.9708
507	70.9857
508	70.7855
509	70.555
510	70.7308
511	70.8129
512	70.9713
513	70.6246
514	70.8394
515	70.8986
516	71.0368
517	70.7596
518	70.6469
519	71.001
520	70.6113
521	70.9694
522	71.0682
523	70.7917
524	70.76
525	70.7544
526	70.957
527	70.8763
528	70.9984
529	70.9911
530	71.3079
531	71.117
532	71.2172
533	71.0176
534	70.9883
535	70.9762
536	70.7267
537	70.9765
538	70.7477
539	71.0196
540	70.7484
541	70.7803
542	70.6542
543	70.4822
544	70.9218
545	70.5821
546	70.7768
547	70.6785
548	70.7668
549	70.7999
550	71.0098
551	70.8508
552	71.0582
553	70.9275
554	70.9825
555	70.6749
556	70.7844
557	70.6568
558	70.9254
559	70.6322
560	70.9093
561	70.5924
562	70.7286
563	70.8781
564	70.6535
565	70.9646
566	70.6731
567	71.0618
568	71.2221
569	70.9508
570	70.7698
571	70.898
572	70.9438
573	70.9453
574	70.8536
575	70.8721
576	70.6901
577	70.7191
578	70.652
579	70.5684
580	70.7734
581	70.9522
582	70.9838
583	70.9051
584	70.9028
585	70.9567
586	70.8142
587	70.876
588	70.9068
589	70.7781
590	71.0277
591	70.9349
592	70.8589
593	70.8771
594	70.7509
595	70.6683
596	70.7879
597	70.9144
598	70.9764
599	70.9943
600	70.7806
601	70.8648
602	70.7727
603	70.7908
604	70.8044
605	70.5733
606	70.8001
607	71.0467
608	71.0431
609	71.1085
610	70.7684
611	70.9467
612	71.0068
613	70.6879
614	70.6256
615	70.877
616	71.058
617	71.0378
618	71.0069
619	70.724
620	70.9772
621	70.9176
622	70.7501
623	71.0295
624	70.8221
625	71.1939
626	70.8164
627	70.8744
628	70.8951
629	71.0551
630	70.9924
631	70.9061
632	70.821
633	70.816
634	70.7548
635	70.9059
636	71.0075
637	70.791
638	70.8001
639	70.7457
640	70.7423
641	70.672
642	70.6406
643	70.7251
644	70.8996
645	70.7541
646	70.8832
647	70.7799
648	70.7208
649	70.7632
650	70.5714
651	70.9069
652	71.0555
653	70.896
654	70.905
655	70.9426
656	70.8684
657	70.7927
658	70.6668
659	71.0058
660	70.8623
661	70.9327
662	70.6521
663	70.7156
664	70.539
665	70.6451
666	70.7277
667	70.805
668	70.7069
669	70.887
670	70.8133
671	70.9228
672	70.9519
673	70.676
674	70.944
675	70.8012
676	71.0527
677	70.9594
678	71.0907
679	70.7935
680	70.9156
681	70.7653
682	70.671
683	70.8047
684	70.6517
685	70.8833
686	70.8177
687	70.7922
688	70.7382
689	70.9121
690	70.6143
691	70.9749
692	70.9385
693	70.6281
694	70.8044
695	70.8349
696	70.8193
697	70.8711
698	70.6883
699	70.8534
700	70.8622
701	70.7456
702	70.8597
703	70.8306
704	70.9421
705	70.7608
706	71.167
707	71.0684
708	70.757
709	70.9308
710	71.148
711	70.9151
712	70.7277
713	70.885
714	71.0278
715	71.1497
716	70.9363
717	70.7455
718	71.0755
719	70.9709
720	70.9207
721	71.0358
722	70.8912
723	70.7138
724	71.0908
725	70.9869
726	70.9606
727	71.0364
728	70.8226
729	71.0887
730	70.7309
731	70.6894
732	70.6417
733	70.8391
734	70.7366
735	71.2395
736	70.7141
737	70.6181
738	70.6819
739	70.4738
740	70.5843
741	70.4507
742	70.7328
743	70.993
744	71.0727
745	70.9546
746	70.5996
747	70.84
748	70.6198
749	71.1329
750	70.8588
751	71.004
752	71.0694
753	70.8594
754	70.729
755	70.7615
756	70.6915
757	71.0753
758	71.244
759	70.8959
760	70.7722
761	70.7546
762	70.8982
763	70.819
764	70.9456
765	70.6963
766	70.6722
767	70.9036
768	70.4122
769	70.7712
770	70.6636
771	70.8709
772	70.9477
773	70.8906
774	70.8242
775	70.8692
776	70.966
777	70.7922
778	70.7581
779	70.6035
780	70.9202
781	70.8871
782	70.8196
783	71.1523
784	70.8121
785	70.742
786	70.6304
787	70.6837
788	70.4342
789	70.7016
790	70.6942
791	71.065
792	70.9224
793	70.8558
794	70.9983
795	70.7078
796	70.6346
797	70.8156
798	70.848
799	71.2829
800	71.1233
801	70.7749
802	70.9443
803	70.6213
804	70.9455
805	70.8359
806	70.7515
807	70.8366
808	70.7415
809	70.9696
810	70.9326
811	70.9427
812	70.8733
813	70.749
814	70.9668
815	70.9371
816	71.2934
817	71.1009
818	70.781
819	70.8714
820	70.8547
821	70.8349
822	70.7764
823	70.8119
824	70.9561
825	70.8775
826	70.6918
827	70.8263
828	70.8767
829	70.747
830	70.5939
831	70.7614
832	70.6194
833	70.7474
834	70.9326
835	70.6647
836	70.7824
837	70.9902
838	70.8224
839	71.2163
840	71.0303
841	70.9341
842	70.6464
843	70.5205
844	70.5315
845	70.5321
846	71.0322
847	70.7442
848	70.8218
849	70.9098
850	70.757
851	70.8381
852	70.8735
853	70.5708
854	70.6718
855	70.9936
856	70.9693
857	70.89
858	70.9347
859	70.9001
860	70.6642
861	70.6602
862	70.8993
863	70.8474
864	70.4549
865	70.7896
866	70.6523
867	70.6611
868	70.617
869	71.0353
870	70.8158
871	71.091
872	70.7808
873	70.8535
874	70.5889
875	70.7216
876	70.6334
877	70.7666
878	70.664
879	70.8107
880	70.813
881	70.9254
882	70.5434
883	70.5982
884	70.6654
885	70.9464
886	70.6515
887	70.5851
888	70.6955
889	70.7929
890	70.5971
891	70.7099
892	70.7476
893	70.4869
894	70.5569
895	70.8171
896	70.8051
897	70.6013
898	70.7317
899	70.8625
900	70.75
901	70.7721
902	71.0824
903	71.076
904	71.123
905	70.741
906	70.7653
907	70.647
908	70.733
909	70.6421
910	70.758
911	70.4596
912	70.4829
913	70.7061
914	70.8484
915	70.7724
916	70.7954
917	70.9735
918	70.7313
919	70.4216
920	70.7321
921	70.7149
922	70.5954
923	70.4621
924	70.7456
925	70.8152
926	70.908
927	70.7028
928	70.8868
929	70.629
930	70.7073
931	70.8925
932	70.6412
933	70.5351
934	70.7062
935	70.9078
936	70.5873
937	70.6582
938	70.6774
939	70.6144
940	70.3564
941	70.484
942	70.6921
943	70.9513
944	71.0672
945	70.8245
946	70.5617
947	70.5141
948	70.6343
949	70.5154
950	70.5803
951	70.8075
952	70.5761
953	70.2327
954	70.4674
955	70.6026
956	70.7132
957	70.4835
958	70.6996
959	70.7598
960	70.5965
961	70.3927
962	70.4495
963	70.4959
964	70.7024
965	70.6899
966	70.6672
967	70.5821
968	70.6159
969	70.7913
970	70.6787
971	70.477
972	70.4861
973	70.8703
974	70.8183
975	70.5729
976	70.4801
977	70.5305
978	70.7202
979	70.6401
980	70.5172
981	70.7154
982	70.3632
983	70.3429
984	70.5734
985	70.5365
986	70.5911
987	70.3692
988	70.5625
989	70.6865
990	70.8134
991	70.9477
992	70.6562
993	70.7054
994	70.2179
995	70.6598
996	70.4056
997	70.4619
998	70.4522
999	70.3409
1000	70.3815
1001	70.5449
1002	70.1663
1003	70.2805
1004	70.1528
1005	70.177
1006	70.1608
1007	70.2688
1008	70.2407
1009	70.1826
1010	70.4045
1011	70.4204
1012	70.4083
1013	70.307
1014	70.287
1015	70.2001
1016	69.8353
1017	70.264
1018	70.082
1019	70.0371
1020	70.1622
1021	70.0743
1022	69.7909
1023	70.1025
1024	70.4003
1025	70.0466
1026	69.9162
1027	70.0058
1028	70.0444
1029	70.0509
1030	70.2327
1031	70.1754
1032	69.7678
1033	70.1549
1034	70.2298
1035	70.172
1036	70.2064
1037	70.3484
1038	70.1377
1039	69.9711
1040	69.985
1041	70.0388
1042	70.0756
1043	70.5241
1044	70.2162
1045	69.8961
1046	69.8234
1047	69.9518
1048	70.0399
1049	70.2373
1050	70.0603
1051	69.9603
1052	69.926
1053	70.1024
1054	70.2905
1055	69.9451
1056	70.1218
1057	70.0631
1058	70.1258
1059	70.2156
1060	70.4417
1061	70.019
1062	70.16
1063	70.4763
1064	70.0052
1065	70.0694
1066	70.0987
1067	70.1544
1068	69.9114
1069	70.2354
1070	70.2746
1071	69.9598
1072	70.0911
1073	70.0577
1074	70.1137
1075	70.3354
1076	69.9756
1077	70.2075
1078	69.9293
1079	69.9828
1080	70.2307
1081	70.1353
1082	70.1009
1083	70.1133
1084	69.9552
1085	69.8732
1086	70.1779
1087	70.2551
1088	70.4693
1089	70.085
1090	70.0283
1091	70.0001
1092	69.9472
1093	70.201
1094	70.2166
1095	70.1854
1096	69.8721
1097	69.9944
1098	69.9149
1099	69.9192
1100	70.189
1101	69.9571
1102	70.0305
1103	70.2348
1104	69.9836
1105	70.2195
1106	70.0891
1107	70.1738
1108	69.9838
1109	69.8995
1110	70.0858
1111	70.0988
1112	70.2255
1113	70.27
1114	69.9921
1115	70.0443
1116	69.8771
1117	70.0931
1118	70.1156
1119	70.1167
1120	70.3315
1121	70.2806
1122	69.7259
1123	70.0113
1124	69.9082
1125	70.0147
1126	70.2902
1127	69.9531
1128	69.837
1129	69.9955
1130	69.8701
1131	69.9977
1132	69.9973
1133	70.206
1134	69.9932
1135	70.0926
1136	70.361
1137	70.2807
1138	70.5312
1139	70.5475
1140	70.3191
1141	69.9941
1142	70.0386
1143	70.2049
1144	70.1608
1145	70.2703
1146	70.1138
1147	70.0182
1148	69.9996
1149	70.1019
1150	69.9815
1151	69.9265
1152	69.7461
1153	70.219
1154	70.0626
1155	69.8995
1156	70.3317
1157	69.9276
1158	70.0245
1159	70.0026
1160	70.0278
1161	69.9838
1162	70.0124
1163	69.9105
1164	69.8234
1165	70.1908
1166	70.0764
1167	69.9265
1168	69.9168
1169	70.2238
1170	70.2375
1171	69.5136
1172	68.5876
1173	67.4837
1174	67.1489
1175	66.9098
1176	66.9115
1177	67.097
1178	67.2728
1179	67.1272
1180	67.5042
1181	67.3405
1182	67.3057
1183	67.1452
1184	67.0791
1185	67.4175
1186	66.8817
1187	67.3997
1188	67.235
1189	67.2057
1190	66.9064
1191	67.0007
1192	67.3134
1193	67.0042
1194	67.0451
1195	67.0832
1196	67.0473
1197	67.0042
1198	66.9265
1199	67.1576
1200	66.9471
1201	66.9061
1202	67.0228
1203	66.8678
1204	67.1099
1205	67.1936
1206	66.8686
1207	67.1631
1208	67.3235
1209	67.3608
1210	67.3269
1211	67.1101
1212	67.0494
1213	67.0942
1214	66.8565
1215	67.0643
1216	67.1883
1217	67.0411
1218	67.1297
1219	67.21
1220	67.0501
1221	67.1468
1222	67.1741
1223	67.179
1224	67.2208
1225	67.0664
1226	67.2077
1227	67.3737
1228	67.224
1229	67.2665
1230	67.0999
1231	67.3229
1232	67.2195
1233	67.2826
1234	67.103
1235	67.1808
1236	66.954
1237	67.359
1238	67.0679
1239	67.0776
1240	66.9552
1241	66.9679
1242	67.05
1243	67.1786
1244	67.2312
1245	67.1413
1246	66.9422
1247	67.0387
1248	67.3765
1249	67.2978
1250	67.1402
1251	66.9243
1252	66.8892
1253	67.0405
1254	67.141
1255	67.0737
1256	67.5054
1257	67.2855
1258	67.2225
1259	67.2439
1260	66.8741
1261	67.0806
1262	66.949
1263	66.9196
1264	67.1904
1265	67.2367
1266	67.1326
1267	67.2245
1268	67.274
1269	67.2648
1270	67.4789
1271	67.1304
1272	66.9972
1273	67.1494
1274	67.2691
1275	67.1865
1276	67.2122
1277	67.3833
1278	67.1124
1279	67.3725
1280	67.1371
1281	67.237
1282	67.262
1283	67.2422
1284	67.4395
1285	67.3685
1286	67.1109
1287	67.1419
1288	67.1978
1289	67.0096
1290	67.295
1291	67.3373
1292	67.0782
1293	66.9194
1294	67.109
1295	67.0044
1296	67.0171
1297	67.2735
1298	67.056
1299	67.3999
1300	66.9823
1301	66.9013
1302	67.2629
1303	66.9846
1304	67.1908
1305	67.1522
1306	66.9608
1307	67.2408
1308	66.9445
1309	66.9734
1310	67.1379
1311	67.231
1312	66.883
1313	66.872
1314	66.9333
1315	67.0581
1316	67.0616
1317	66.9599
1318	67.0092
1319	67.1101
1320	66.8645
1321	67.1662
1322	67.0055
1323	66.9807
1324	66.7389
1325	67.2091
1326	67.0028
1327	67.3041
1328	67.0625
1329	67.0519
1330	67.1725
1331	67.259
1332	66.9772
1333	67.0192
1334	67.3148
1335	67.3645
1336	67.0581
1337	67.1216
1338	66.8642
1339	66.8504
1340	67.1178
1341	67.1051
1342	67.1136
1343	67.1468
1344	67.1359
1345	67.0146
1346	67.1668
1347	67.094
1348	66.9843
1349	66.9274
1350	67.1814
1351	66.8602
1352	66.8456
1353	66.9249
1354	67.3309
1355	67.1018
1356	67.1819
1357	66.8479
1358	66.9667
1359	67.1816
1360	67.0983
1361	67.0087
1362	66.9675
1363	66.8375
1364	66.9375
1365	67.1915
1366	67.3265
1367	67.3502
1368	67.4692
1369	67.2333
1370	67.3603
1371	67.0906
1372	67.0231
1373	66.8699
1374	67.1595
1375	66.8944
1376	66.9884
1377	66.9163
1378	66.7865
1379	67.1937
1380	67.0892
1381	66.8078
1382	66.6693
1383	66.4362
1384	66.4385
1385	66.5134
1386	66.482
1387	66.6466
1388	66.6031
1389	66.5575
1390	66.5857
1391	66.8635
1392	66.5673
1393	66.8337
1394	67.1445
1395	66.7851
1396	66.4518
1397	66.7466
1398	66.7168
1399	66.7358
1400	66.4289
1401	66.6953
1402	66.9113
1403	66.7633
1404	66.6569
1405	66.6244
1406	66.767
1407	66.592
1408	66.4439
1409	66.5038
1410	66.6381
1411	66.4609
1412	67.1631
1413	66.817
1414	66.7603
1415	66.708
1416	66.581
1417	66.552
1418	66.8176
1419	66.6618
1420	66.807
1421	67.0237
1422	67.0147
1423	66.7131
1424	66.5165
1425	66.4646
1426	66.6657
1427	66.4493
1428	66.5196
1429	66.5586
1430	66.8421
1431	66.5721
1432	66.6616
1433	66.6629
1434	66.6767
1435	66.5668
1436	66.4416
1437	66.4039
1438	66.872
1439	66.7544
1440	66.6755
1441	66.6796
1442	66.8261
1443	66.6091
1444	66.7789
1445	67.0387
1446	66.6132
1447	66.477
1448	66.6086
1449	66.4711
1450	66.6371
1451	66.5612
1452	66.7327
1453	66.7554
1454	66.6561
1455	66.6227
1456	66.834
1457	66.6251
1458	66.73
1459	66.9176
1460	66.7366
1461	66.7264
1462	66.6544
1463	66.6688
1464	66.4814
1465	66.5989
1466	66.6005
1467	66.6841
1468	66.8259
1469	66.8646
1470	66.8716
1471	66.8566
1472	66.5255
1473	66.7514
1474	66.6773
1475	66.3502
1476	66.766
1477	66.4796
1478	66.338
1479	66.3891
1480	66.2976
1481	66.7384
1482	66.8611
1483	66.6586
1484	66.5301
1485	66.7047
1486	66.5347
1487	66.5124
1488	66.6436
1489	66.534
1490	66.7092
1491	66.6454
1492	66.6778
1493	66.9953
1494	66.8273
1495	66.5691
1496	66.6185
1497	66.5657
1498	66.5564
1499	66.4909
1500	66.525
