#   N_BLOCK:  ACCEPTANCE:
           14.834450e-01
           24.838310e-01
           34.838213e-01
           44.837475e-01
           54.836360e-01
           64.839487e-01
           74.837671e-01
           84.837746e-01
           94.839410e-01
          104.840398e-01
          114.840900e-01
          124.840498e-01
          134.840936e-01
          144.840624e-01
          154.841487e-01
          164.840493e-01
          174.840445e-01
          184.839501e-01
          194.838842e-01
          204.838245e-01
          214.837545e-01
          224.837282e-01
          234.838137e-01
          244.838504e-01
          254.838493e-01
