#   N_BLOCK:  ACCEPTANCE:
           14.770780e-01
           24.782910e-01
           34.784443e-01
           44.782307e-01
           54.786756e-01
           64.788463e-01
           74.786937e-01
           84.787464e-01
           94.788570e-01
          104.789200e-01
          114.788466e-01
          124.788083e-01
          134.787929e-01
          144.788373e-01
          154.788445e-01
          164.787627e-01
          174.787778e-01
          184.787329e-01
          194.786438e-01
          204.786590e-01
          214.786097e-01
          224.786131e-01
          234.787033e-01
          244.787345e-01
          254.787527e-01
          264.788300e-01
          274.788823e-01
          284.788671e-01
          294.788224e-01
          304.788464e-01
