#   N_BLOCK:  ACCEPTANCE:
           12.317750e-01
           22.312665e-01
           32.315367e-01
           42.312713e-01
           52.311306e-01
           62.312558e-01
           72.311107e-01
           82.314367e-01
           92.315032e-01
          102.315041e-01
          112.313980e-01
          122.312676e-01
          132.312085e-01
          142.314464e-01
          152.313754e-01
          162.311506e-01
          172.313899e-01
          182.314157e-01
          192.313631e-01
          202.313002e-01
          212.312598e-01
          222.312369e-01
          232.313262e-01
          242.314490e-01
          252.313813e-01
          262.313496e-01
          272.313062e-01
          282.312371e-01
          292.312860e-01
          302.313369e-01
