#   N_BLOCK:  ACCEPTANCE:
           12.383730e-01
           22.382385e-01
           32.380600e-01
           42.379537e-01
           52.375604e-01
           62.374247e-01
           72.376226e-01
           82.380379e-01
           92.382628e-01
          102.381831e-01
          112.383009e-01
          122.382017e-01
          132.381379e-01
          142.382442e-01
          152.380687e-01
          162.379446e-01
          172.380315e-01
          182.380826e-01
          192.380217e-01
          202.380411e-01
          212.380077e-01
          222.379426e-01
          232.380160e-01
          242.380732e-01
          252.379741e-01
