#   N_BLOCK:  ACCEPTANCE:
           12.705900e-02
           22.655300e-02
           32.784200e-02
           42.822400e-02
           52.756920e-02
           62.747033e-02
           72.803371e-02
           82.753100e-02
           92.713267e-02
          102.654160e-02
          112.609182e-02
          122.603617e-02
          132.616123e-02
          142.643157e-02
          152.606067e-02
          162.576494e-02
          172.540047e-02
          182.584722e-02
          192.577221e-02
          202.595100e-02
          212.590605e-02
          222.593300e-02
          232.597696e-02
          242.581842e-02
          252.607696e-02
