#   N_BLOCK:  ACCEPTANCE:
           14.112670e-01
           24.123605e-01
           34.122087e-01
           44.117102e-01
           54.119800e-01
           64.122058e-01
           74.121019e-01
           84.122949e-01
           94.123540e-01
          104.121928e-01
          114.120752e-01
          124.120504e-01
          134.121136e-01
          144.122736e-01
          154.122805e-01
          164.122659e-01
          174.123376e-01
          184.122676e-01
          194.121363e-01
          204.122030e-01
          214.121348e-01
          224.120839e-01
          234.121030e-01
          244.120655e-01
          254.120075e-01
          264.120389e-01
          274.121360e-01
          284.121174e-01
          294.120957e-01
          304.121115e-01
