             mu:           sigma        energy:
             0.8             0.6         4.22902
        0.609796        0.998213        -0.14121
       -0.190455         1.09844       -0.194475
        0.210729        0.801725       -0.146117
        0.210729        0.801725         4.34644
       -0.248394         1.50204         1.25749
       -0.248394         1.50204         5.50047
        0.692074        0.560703       -0.374689
        0.692074        0.560703         7.47841
       0.0142135        0.792994      -0.0977121
       -0.762255         1.14247        0.436195
       -0.762255         1.14247         12.1219
       -0.706213        0.398428        0.259766
        0.172661        0.678062       0.0924176
         1.10658        0.481977       0.0701085
         1.10658        0.481977         1.95087
         1.10658        0.481977         3.71495
         1.37376        0.339909         1.51309
        0.402526       -0.381872        0.374126
        0.402526       -0.381872         81.2527
        0.402526       -0.381872         123.696
        0.955922        0.225597         3.58338
        0.152964         0.80178       -0.132374
        0.152964         0.80178          7.1355
       -0.156584         1.28943        0.205868
       -0.952137         0.34432        0.868373
       -0.952137         0.34432         2.19585
       -0.500122        -0.61813       -0.191519
       -0.500122        -0.61813         7.07914
         0.36205        -1.33232        0.567195
     -0.00822201        -1.26036      0.00643595
        -0.80338       -0.712576         -0.3926
        -0.80338       -0.712576        0.488268
        -0.80338       -0.712576         1.04812
       -0.607151       -0.542616       -0.284034
       -0.500899        0.283728         1.74902
       -0.699226       -0.572429       -0.392204
        -0.78594        -1.02557        0.126194
        -0.78594        -1.02557         1.18777
       -0.417756       -0.575948      -0.0216561
       -0.417756       -0.575948         7.45244
       -0.160785       -0.335342         1.55222
       -0.473561        0.319691        0.847982
       -0.473561        0.319691         18.6166
       -0.473561        0.319691         411.843
       -0.238916       -0.209897         2.42882
       -0.195932       -0.701202       0.0152279
       -0.195932       -0.701202         1.80187
       -0.195932       -0.701202         8.28317
        0.247913       -0.979158       -0.246514
       -0.489635       -0.801198       -0.260843
       -0.709646       -0.764437       -0.359485
       -0.709646       -0.764437         14.8462
        -1.10582        -1.52755         5.63619
        -1.10582        -1.52755         41.1312
        -1.88717         -1.9738         39.6037
        -1.88717         -1.9738         52.0845
        -1.88717         -1.9738         58.0267
        -2.17057        -1.39858         35.4617
          -1.858        -1.17128         16.0017
          -1.858        -1.17128         23.8908
        -1.63458        -1.40264         13.6459
        -1.63458        -1.40264          45.475
        -1.43112        -1.30807         7.73711
        -1.43112        -1.30807         21.1476
         -1.3889        -1.42441         8.31634
         -1.3889        -1.42441         11.4361
        -1.20637        -1.02853         2.20317
        -1.20637        -1.02853         2.45714
        -1.54233        -0.47817         2.15553
        -1.54233        -0.47817         654.854
        -1.54263        -0.55383         2.38759
        -1.54263        -0.55383         25.2461
         -1.1651       -0.273893         1.98885
       -0.455837        0.427636        0.137953
       -0.455837        0.427636         6.97448
      0.00277723          1.0722       -0.234802
       -0.379603        0.564847        0.048913
       -0.344028        0.597463       0.0615328
       -0.948529          1.0935        0.946614
       -0.666036        0.881661       -0.253586
       -0.666036        0.881661         3.79073
       0.0453872         1.36023        0.384017
       0.0453872         1.36023         6.31778
       -0.419385         1.39073        0.850645
        -0.10178        0.923523       -0.230999
        0.472324         1.01286       -0.196245
        0.472324         1.01286       -0.158635
        0.181278         0.66354       0.0991704
        0.181278         0.66354         1.12271
        0.181278         0.66354         211.527
        0.153714         1.09808       -0.191836
        0.153714         1.09808         2.19238
       0.0478705        0.473068        0.883403
       -0.566536        0.990408       -0.184558
        -1.19335        0.413274        0.465694
         -1.0935        0.874491        0.576459
       -0.498094         0.46458      -0.0351771
       -0.498094         0.46458         26.3005
       -0.648171        0.503346       -0.270381
       -0.648171        0.503346         6.09575
       -0.753903        0.404608        0.209532
       -0.753903        0.404608         442.262
        -1.06489        0.710514     -0.00270672
        -1.06489        0.710514         1.52903
        -1.19175        0.481269        0.257933
        -1.44524        0.568844         1.61687
        -1.44524        0.568844         3.93832
        -1.44524        0.568844         6.62041
        -1.18271        0.958337          1.5479
        -1.18271        0.958337          4.5023
        -0.96822        0.590128       -0.323719
        -0.96822        0.590128         4.84902
        -1.03725        0.644834       -0.195127
        -1.03725        0.644834         1.39756
        -1.03725        0.644834         4.25306
       -0.571312         1.02684       -0.124756
       -0.571312         1.02684        0.688076
       -0.571312         1.02684          1.6657
       -0.715877         1.07134       0.0992423
       -0.715877         1.07134         2.54724
        -0.69797         1.11183        0.219741
        -0.51641         1.11715      -0.0112449
       -0.695283         0.66933       -0.398263
       -0.695283         0.66933        0.508597
       -0.634052        0.686562       -0.347729
       -0.646251        0.725893       -0.350821
       -0.646251        0.725893        0.243535
       -0.646251        0.725893         1.46484
       -0.616993        0.883569       -0.263194
       -0.616993        0.883569       -0.137799
       -0.614847        0.995714       -0.141415
        -0.24035         1.00916       -0.245968
       -0.191705         1.05493       -0.223714
       -0.191705         1.05493        0.249541
        0.194312        0.760542      -0.0747269
       -0.068385        0.927484        -0.23193
       0.0452982         1.12468       -0.163163
       0.0651696         1.08803       -0.221087
       -0.167655        0.901502       -0.226071
       -0.294568         1.10083       -0.173181
       -0.110863          1.2214      -0.0341708
       -0.110863          1.2214         1.68628
       -0.135751         1.46175        0.947507
       -0.302474         1.42892        0.896547
       -0.639587         1.22098        0.493708
       -0.639587         1.22098         1.77567
       -0.753666         1.16257        0.546275
       -0.905989         1.09403         0.69483
       -0.905989         1.09403         0.80777
       -0.905989         1.09403         4.29268
        -0.72883         1.11295        0.281652
       -0.485762         1.22921        0.278769
        -0.36935         1.01979       -0.249995
        -0.34054        0.930646       -0.244678
       -0.326131        0.847476       -0.213456
       -0.619957        0.948116        -0.20194
       -0.423262         1.12873      -0.0486209
       -0.423262         1.12873        0.810132
         -0.2211         1.21859        0.037666
       -0.388622         1.07378       -0.166343
       -0.283745         1.20715       0.0241278
       -0.283745         1.20715        0.259261
       -0.283745         1.20715        0.764382
       -0.396481         1.06413        -0.18039
       -0.235465         1.09245       -0.182486
       -0.115264         1.27859        0.119843
       -0.115264         1.27859        0.760909
       0.0599128         1.29634        0.131623
        0.238811         1.07837       -0.202938
       0.0827404         1.13035       -0.162808
        0.153064         1.14084       -0.177826
        0.123529        0.962445       -0.243584
        0.123529        0.962445       -0.135349
         0.28808        0.889837       -0.238324
        0.269077        0.917757       -0.229541
        0.381184         1.11923      -0.0988858
        0.546572         1.00142       -0.169192
        0.353399         1.09585       -0.157919
        0.411173        0.897016       -0.255482
        0.411173        0.897016       -0.178671
         0.60103        0.879489       -0.274446
        0.474586        0.765178       -0.249029
        0.414119        0.699206       -0.162761
        0.455546        0.643776       -0.143681
        0.353267        0.747482       -0.152633
        0.243792        0.862939       -0.202977
        0.116991         1.02887       -0.244411
        0.116991         1.02887       -0.119088
       0.0180164         1.06937       -0.232311
       0.0180164         1.06937       -0.116761
      -0.0468914         1.00594       -0.250141
      -0.0774159        0.924079       -0.243073
       -0.160221        0.791688        -0.11052
      -0.0479244        0.856338       -0.169433
       -0.123055        0.948334       -0.237073
       -0.123055        0.948334       -0.159507
      -0.0863546        0.966578       -0.242801
      -0.0439235        0.999832        -0.24841
      -0.0284516         1.01434       -0.251426
      -0.0284516         1.01434       -0.173839
      -0.0789785         1.05007       -0.240994
       -0.190891         1.07486       -0.209095
       -0.156934        0.976791       -0.249931
       -0.122083         0.94384       -0.237176
       -0.171241        0.883832       -0.207255
       -0.261314        0.835588       -0.184523
       -0.372792        0.812713       -0.225359
       -0.424787         0.72388       -0.183346
       -0.510538        0.745046       -0.264653
       -0.566563          0.6477       -0.285789
       -0.554351        0.561547       -0.226813
       -0.561555        0.570181       -0.250007
       -0.516218        0.577281       -0.182391
       -0.516218        0.577281        0.044232
        -0.44725        0.604162       -0.105023
       -0.464672        0.634192       -0.139993
       -0.464672        0.634192       0.0181461
       -0.551732        0.630979       -0.259445
       -0.551732        0.630979        -0.21008
       -0.604301        0.582775       -0.310558
       -0.543598        0.642168       -0.263661
       -0.626455        0.606781       -0.348383
       -0.668825        0.537695       -0.347644
       -0.735615        0.557357       -0.400512
       -0.735615        0.557357        -0.34705
       -0.770572        0.505595       -0.309308
       -0.833772        0.519867       -0.341318
       -0.873008        0.547934       -0.373834
       -0.931219        0.534595       -0.308826
       -0.931219        0.534595       -0.250315
        -0.91202        0.520699       -0.288095
       -0.845479        0.555419       -0.398588
       -0.845479        0.555419       -0.284104
       -0.892503        0.498222         -0.2344
       -0.892503        0.498222      -0.0218247
       -0.913587         0.47794        -0.15457
       -0.913587         0.47794       -0.106394
       -0.959394        0.492595       -0.168528
       -0.938152        0.473695       -0.117615
       -0.938152        0.473695       -0.108876
       -0.986266        0.456681      -0.0107385
       -0.986266        0.456681        0.013901
       -0.990232        0.490765        -0.11428
       -0.946147        0.460659      -0.0494193
       -0.946147        0.460659       0.0815399
       -0.947613        0.447723      0.00914652
       -0.947613        0.447723        0.188728
       -0.912993        0.469007       -0.104353
       -0.912993        0.469007        0.126825
       -0.922038        0.504759       -0.244884
       -0.939034        0.506102       -0.234617
       -0.939034        0.506102       -0.088293
       -0.954016        0.497127       -0.192916
       -0.954016        0.497127      -0.0885529
        -0.94279        0.466686      -0.0881028
        -0.94279        0.466686       0.0086439
       -0.942996        0.477867       -0.129328
       -0.949025        0.481188       -0.140586
       -0.950745        0.476731       -0.119742
       -0.933151        0.470225       -0.106153
       -0.963495        0.451268      0.00149196
       -0.936704        0.452733      -0.0181886
       -0.922631        0.481193       -0.152167
       -0.902099        0.508083        -0.25979
       -0.903452        0.512659       -0.279082
       -0.897698        0.514896       -0.284983
       -0.903966        0.538199       -0.342728
       -0.909532        0.550048       -0.342126
        -0.89371        0.570244        -0.39395
       -0.889591        0.547101       -0.364837
       -0.878234        0.532072       -0.355779
       -0.878234        0.532072       -0.341732
       -0.884592        0.532576       -0.338175
       -0.882584        0.535937       -0.352419
       -0.876733        0.548368        -0.37251
       -0.864675        0.559354       -0.395172
       -0.877626        0.566737       -0.396827
       -0.862284        0.584549        -0.42579
       -0.862284        0.584549       -0.420974
       -0.851156        0.600985       -0.437459
       -0.839171        0.619912       -0.435814
       -0.846532        0.611992       -0.441068
       -0.846848        0.608445       -0.439904
       -0.846848        0.608445       -0.432144
       -0.843327        0.620155       -0.435912
       -0.853833         0.61159       -0.435713
       -0.839385         0.62375       -0.443607
       -0.838608        0.609293       -0.440366
       -0.832726        0.600253       -0.438615
       -0.818071        0.593641       -0.440638
       -0.818071        0.593641       -0.434547
       -0.825991        0.607382       -0.442675
       -0.825528        0.618374       -0.439487
       -0.817427        0.617414       -0.443004
       -0.819048        0.610458       -0.442005
       -0.818008        0.620392       -0.445994
       -0.815655        0.618192       -0.442991
       -0.820424        0.612677       -0.444516
       -0.812258        0.601985        -0.43855
       -0.805333        0.596714       -0.445322
       -0.805333        0.596714       -0.440584
       -0.808822        0.587339       -0.437266
       -0.809387        0.584405       -0.438124
       -0.809387        0.584405        -0.43317
       -0.811878        0.583713       -0.435214
       -0.811878        0.583713       -0.431195
       -0.810679        0.576581       -0.430493
       -0.806802        0.576554       -0.431693
       -0.808348        0.582804       -0.434039
       -0.815428        0.581754       -0.431975
       -0.817599        0.586879       -0.431728
       -0.822934        0.580167       -0.435333
       -0.821416        0.584032       -0.438237
       -0.821416        0.584032       -0.434535
       -0.815063        0.586968       -0.441578
       -0.808973        0.590534       -0.441655
       -0.810116        0.596936       -0.446671
       -0.810302        0.602357       -0.443804
       -0.810302        0.602357       -0.441939
       -0.810685        0.603188       -0.444593
       -0.810685        0.603188       -0.441887
       -0.810685        0.603188       -0.439307
       -0.808434        0.600732       -0.439385
        -0.80888        0.601081       -0.440738
        -0.81137        0.600335       -0.440761
       -0.815854        0.597763       -0.432791
       -0.815099        0.602259       -0.440884
       -0.815099        0.602259       -0.438354
       -0.814966         0.60647       -0.440018
       -0.811822        0.605794        -0.44243
       -0.810749         0.60355       -0.439535
       -0.810956        0.606543       -0.444064
       -0.813828         0.60907       -0.444751
       -0.813828         0.60907       -0.440089
       -0.817044        0.612566       -0.443442
       -0.817238        0.610571       -0.443634
       -0.817238        0.610571        -0.44129
       -0.814614        0.609235       -0.444302
       -0.814614        0.609235        -0.43759
       -0.814529        0.611012       -0.441345
       -0.814529        0.611012       -0.439069
       -0.815679        0.613836       -0.442999
       -0.816708         0.61309         -0.4425
       -0.815813        0.612536       -0.445148
       -0.815813        0.612536       -0.441734
       -0.816277        0.610598       -0.446801
       -0.816277        0.610598       -0.439802
       -0.815989        0.609248       -0.444609
       -0.816025        0.608834       -0.444108
       -0.816378        0.610039       -0.440111
       -0.815739        0.611364       -0.441742
       -0.817026        0.609424       -0.443739
       -0.816504        0.609082       -0.446163
       -0.816504        0.609082       -0.442815
         -0.8178        0.608888       -0.441514
       -0.816476        0.609042       -0.444947
       -0.816476        0.609042       -0.441406
       -0.816476        0.609042       -0.438172
       -0.816536        0.609374       -0.445112
       -0.816536        0.609374       -0.443929
       -0.816536        0.609374       -0.440511
       -0.816924        0.610128       -0.440726
       -0.818213        0.609121       -0.444777
       -0.818213        0.609121       -0.441785
       -0.817092        0.608073       -0.443498
       -0.817092        0.608073       -0.440793
       -0.816553        0.609212       -0.441624
       -0.815562        0.608793       -0.444141
       -0.816351        0.609536       -0.445103
       -0.816351        0.609536       -0.440248
        -0.81612        0.610277       -0.441993
       -0.816809        0.609884       -0.443536
       -0.816809        0.609884       -0.442069
       -0.816011        0.609839       -0.443063
       -0.816123        0.609981       -0.444119
       -0.816123        0.609981       -0.442588
       -0.816123        0.609981        -0.44171
       -0.816797         0.61036        -0.44616
       -0.816708        0.610367        -0.44576
       -0.816708        0.610367       -0.443806
       -0.816708        0.610367       -0.438227
       -0.816848        0.610839       -0.440826
       -0.817344        0.610732       -0.444155
       -0.817331        0.610147       -0.444696
       -0.817673         0.61035       -0.444249
       -0.817648         0.61069       -0.446123
       -0.817648         0.61069       -0.439139
       -0.817683        0.611033       -0.445303
       -0.817683        0.611033       -0.444542
       -0.817683        0.611033       -0.442821
       -0.817683        0.611033       -0.442112
       -0.817676        0.610948       -0.445304
       -0.817676        0.610948       -0.444541
       -0.818008        0.610723       -0.445446
       -0.818008        0.610723       -0.443977
       -0.818327        0.610605       -0.448014
       -0.818327        0.610605        -0.44238
       -0.818385        0.610512       -0.443854
       -0.818652        0.610419       -0.445115
       -0.818652        0.610419       -0.443174
       -0.818546        0.610657       -0.443476
       -0.818548        0.610802       -0.443618
       -0.818548        0.610802       -0.438337
       -0.818737        0.610891       -0.440485
       -0.818883        0.611067       -0.444976
       -0.818883        0.611067       -0.441622
       -0.819104        0.610911       -0.443461
       -0.819104        0.610911       -0.440678
       -0.819013        0.610971       -0.444588
       -0.819013        0.610971       -0.443791
       -0.819013        0.610971       -0.438238
       -0.819013        0.610971       -0.437952
       -0.819061         0.61108       -0.445943
       -0.819061         0.61108         -0.4419
       -0.819157        0.610954       -0.447173
       -0.819157        0.610954       -0.444984
       -0.819157        0.610954       -0.439817
       -0.819256        0.611083       -0.440156
       -0.819212        0.611054       -0.444394
       -0.819212        0.611054       -0.442115
       -0.819287        0.610921       -0.447481
       -0.819287        0.610921       -0.442175
       -0.819328        0.610885       -0.443387
       -0.819223        0.610766       -0.444605
       -0.819223        0.610766       -0.442299
       -0.819325        0.610757       -0.442873
       -0.819375        0.610808       -0.446256
       -0.819375        0.610808       -0.444584
       -0.819375        0.610808       -0.442563
       -0.819375        0.610808       -0.441804
       -0.819383        0.610748       -0.443793
       -0.819383        0.610748       -0.439709
       -0.819347        0.610751       -0.445274
       -0.819347        0.610751       -0.437456
       -0.819417        0.610721       -0.442725
       -0.819437        0.610743       -0.447368
       -0.819437        0.610743       -0.446937
       -0.819502        0.610763       -0.448529
       -0.819502        0.610763       -0.440113
       -0.819508        0.610743       -0.444949
       -0.819508        0.610743        -0.43859
       -0.819518        0.610715       -0.444094
       -0.819483        0.610686       -0.444376
       -0.819446         0.61067       -0.445406
       -0.819446         0.61067       -0.438008
