Gen:	<L_2>
0	510.825
1	453.617
2	414.83
3	388.628
4	370.389
5	352.831
6	336.912
7	324.069
8	315.314
9	307.808
10	299.101
11	288.798
12	280.327
13	275.183
14	269.65
15	263.613
16	257.975
17	253.017
18	247.636
19	240.955
20	233.737
21	228.662
22	224.422
23	221.316
24	218.333
25	213.789
26	206.893
27	202.106
28	199.145
29	197.677
30	195.43
31	191.717
32	189.199
33	186.387
34	183.097
35	179.136
36	174.931
37	171.437
38	168.108
39	164.859
40	162.155
41	161.261
42	160.842
43	159.602
44	157.743
45	154.92
46	153.727
47	152.251
48	148.96
49	146.747
50	145.632
51	144.004
52	142.142
53	139.754
54	137.424
55	135.776
56	134.86
57	133.624
58	132.828
59	131.846
60	130.631
61	129.568
62	128.508
63	127.653
64	126.644
65	125.783
66	125.425
67	124.497
68	123.794
69	123.166
70	123.166
71	123.221
72	122.325
73	120.439
74	119.629
75	118.321
76	117.429
77	116.758
78	116.015
79	115.222
80	114.447
81	113.86
82	112.358
83	111.383
84	110.631
85	110.04
86	109.47
87	109.013
88	108.46
89	107.455
90	106.791
91	106.354
92	105.845
93	104.939
94	104.015
95	103.664
96	103.678
97	104.415
98	102.922
99	101.905
100	102.498
101	101.242
102	99.3559
103	98.6308
104	97.6317
105	96.8608
106	96.1223
107	96.0994
108	95.553
109	95.2802
110	95.2272
111	95.1742
112	95.0303
113	94.3601
114	94.1294
115	94.0952
116	93.8859
117	93.7727
118	92.8548
119	91.9036
120	90.9201
121	90.6352
122	90.0169
123	89.6898
124	89.7851
125	89.8758
126	89.6318
127	89.0002
128	88.2475
129	87.8279
130	87.9611
131	87.7362
132	87.657
133	87.4944
134	87.1092
135	86.651
136	86.6245
137	86.3181
138	85.7071
139	85.2814
140	85.2057
141	84.9227
142	84.7871
143	84.5749
144	84.7378
145	84.2088
146	83.8948
147	84.0343
148	83.6279
149	83.3385
150	82.9045
151	82.5913
152	82.526
153	82.1916
154	82.072
155	82.3298
156	82.2111
157	82.3935
158	82.2675
159	81.8063
160	81.2657
161	81.2551
162	80.9672
163	80.7447
164	80.7201
165	80.5313
166	80.4891
167	80.5925
168	80.6128
169	80.2182
170	80.0463
171	80.1195
172	79.8462
173	79.7149
174	79.6645
175	79.7909
176	79.8645
177	79.5123
178	79.3587
179	79.1394
180	79.0847
181	78.7485
182	78.748
183	78.3308
184	78.3417
185	78.1011
186	78.2238
187	78.1521
188	78.184
189	77.9913
190	78.0105
191	77.8663
192	77.8547
193	78.1992
194	78.2659
195	78.2627
196	77.9685
197	77.844
198	77.9693
199	78.181
200	78.3016
201	78.7757
202	78.4613
203	78.1293
204	77.7212
205	77.8131
206	78.1034
207	78.2778
208	77.7185
209	77.7078
210	77.8177
211	77.7845
212	77.7239
213	77.7362
214	77.5022
215	77.1785
216	77.1088
217	77.1002
218	76.8442
219	76.565
220	76.4857
221	77.0143
222	77.4091
223	76.8824
224	76.6212
225	76.7479
226	76.6558
227	76.6572
228	76.4341
229	76.5025
230	76.5232
231	76.2871
232	75.9773
233	75.6792
234	75.4682
235	75.4696
236	75.5702
237	75.31
238	75.4364
239	75.5491
240	75.8632
241	75.6796
242	75.2825
243	75.3086
244	75.3501
245	75.2654
246	75.0976
247	75.0296
248	75.0191
249	74.9996
250	75.2736
251	75.1603
252	75.0587
253	75.0488
254	75.1009
255	75.1473
256	75.2309
257	75.2266
258	75.2433
259	75.0324
260	75.1291
261	75.4534
262	75.1995
263	75.0819
264	75.2174
265	75.1738
266	74.9479
267	74.9625
268	74.9825
269	75.1472
270	74.9448
271	75.019
272	74.8079
273	74.8227
274	74.991
275	74.8211
276	74.6367
277	74.7766
278	74.7608
279	74.6695
280	74.3615
281	74.3469
282	74.6003
283	74.5201
284	74.4698
285	74.6888
286	74.5029
287	74.3996
288	74.4136
289	74.5098
290	74.2131
291	74.1818
292	73.844
293	74.0639
294	74.1524
295	73.9319
296	74.1106
297	74.1046
298	74.0311
299	74.0139
300	73.9396
301	73.5635
302	73.7211
303	74.1071
304	73.8837
305	73.8031
306	73.9184
307	73.962
308	73.5307
309	73.7222
310	73.6607
311	73.5578
312	73.5426
313	73.7427
314	73.9413
315	73.7519
316	73.7383
317	73.7334
318	73.589
319	73.7003
320	74.1774
321	73.9078
322	73.7261
323	73.6087
324	73.2647
325	72.9315
326	73.0922
327	73.151
328	73.2439
329	73.3236
330	73.3181
331	73.0224
332	73.1929
333	73.3937
334	73.2163
335	73.0864
336	73.2561
337	73.2091
338	73.3541
339	73.3468
340	73.4502
341	73.4678
342	73.081
343	73.3422
344	73.0255
345	73.3079
346	73.2611
347	73.2413
348	72.9126
349	73.5018
350	73.5276
351	73.3539
352	73.313
353	73.5411
354	73.0977
355	73.014
356	73.1732
357	73.2763
358	73.3107
359	73.0046
360	73.0731
361	72.9421
362	72.9437
363	73.4387
364	73.311
365	73.1997
366	73.1631
367	73.185
368	73.4985
369	73.4407
370	73.2363
371	73.1203
372	73.0114
373	72.9668
374	72.9312
375	73.0341
376	73.0815
377	73.3461
378	73.02
379	72.8463
380	73.082
381	73.2472
382	73.0887
383	73.0629
384	73.4074
385	73.2967
386	73.0419
387	73.3116
388	73.1837
389	73.1555
390	73.2187
391	73.1775
392	73.3194
393	73.0655
394	73.1266
395	73.2124
396	73.068
397	73.1783
398	73.2567
399	73.1198
400	73.2411
401	73.3076
402	73.5224
403	73.316
404	73.3422
405	73.162
406	73.4275
407	73.2554
408	73.1191
409	73.2113
410	73.5485
411	73.4439
412	73.6281
413	73.1874
414	73.101
415	73.2715
416	73.3944
417	73.1806
418	72.9565
419	73.025
420	73.6932
421	73.3636
422	73.5459
423	73.3939
424	73.3948
425	73.3308
426	73.3001
427	73.4209
428	73.3982
429	73.144
430	73.2288
431	73.1257
432	73.191
433	73.2992
434	73.331
435	73.163
436	73.0975
437	73.0752
438	73.105
439	73.3195
440	73.0887
441	73.1264
442	73.4041
443	73.079
444	73.2369
445	73.0911
446	73.3934
447	73.3622
448	73.428
449	73.3135
450	73.1852
451	73.2629
452	72.9749
453	73.11
454	73.1869
455	73.2204
456	73.338
457	73.2972
458	73.4471
459	73.3026
460	73.2916
461	73.1918
462	73.2263
463	73.047
464	73.045
465	72.9588
466	73.11
467	73.1365
468	73.207
469	73.2396
470	73.191
471	73.1015
472	73.2979
473	73.3831
474	73.457
475	73.3058
476	73.2775
477	73.3522
478	73.2278
479	73.0787
480	73.2059
481	72.8764
482	73.1208
483	72.9918
484	73.0938
485	73.2694
486	72.9306
487	73.1527
488	73.2325
489	73.156
490	72.9112
491	72.8243
492	73.1299
493	72.9789
494	73.3194
495	73.0848
496	73.241
497	73.0911
498	73.1853
499	72.9468
500	73.0929
501	73.1051
502	74.6056
503	75.4322
504	75.0272
505	73.6438
506	73.2931
507	72.9894
508	72.9957
509	72.7496
510	72.9674
511	72.7042
512	72.841
513	72.8808
514	72.7415
515	72.8227
516	72.9976
517	73.1234
518	72.9433
519	73.0358
520	72.8066
521	72.992
522	72.7822
523	73.1403
524	72.9539
525	72.8558
526	72.7239
527	72.909
528	72.8
529	72.9328
530	73.4245
531	72.9285
532	73.0652
533	73.1589
534	73.1104
535	73.1665
536	73.0313
537	72.8079
538	73.1844
539	73.223
540	73.1816
541	72.9322
542	72.6871
543	73.0331
544	72.9686
545	72.8418
546	72.8156
547	72.836
548	72.9289
549	73.1338
550	72.9797
551	73.013
552	73.1972
553	72.9907
554	72.9465
555	72.9408
556	73.1199
557	72.9233
558	73.0643
559	73.1401
560	73.0986
561	72.9566
562	73.1719
563	73.1453
564	72.8387
565	72.6958
566	72.9392
567	72.7957
568	72.9538
569	72.7873
570	72.7201
571	72.855
572	73.11
573	72.8565
574	72.7449
575	72.8202
576	73.014
577	72.792
578	72.7458
579	72.743
580	72.6465
581	72.7906
582	72.983
583	72.8085
584	72.8118
585	72.9553
586	72.7329
587	72.7919
588	72.6571
589	72.85
590	72.7341
591	72.6731
592	72.8891
593	73.7837
594	73.3645
595	72.6917
596	72.7695
597	72.4143
598	72.5941
599	72.4525
600	72.5754
601	72.517
602	72.5905
603	72.3097
604	72.4253
605	72.3182
606	72.368
607	72.3952
608	72.2115
609	72.1523
610	72.727
611	72.2661
612	71.9898
613	72.0032
614	72.1546
615	71.852
616	71.7006
617	71.3645
618	71.3265
619	71.3563
620	71.1143
621	71.3409
622	70.9322
623	71.0072
624	70.7925
625	70.4131
626	69.8731
627	69.7797
628	69.9004
629	69.7889
630	69.6679
631	69.4656
632	69.4429
633	69.5164
634	69.2247
635	69.316
636	69.3183
637	69.1636
638	69.3921
639	69.4022
640	69.2046
641	69.276
642	69.2082
643	69.2009
644	69.048
645	69.144
646	69.4975
647	69.2461
648	68.8978
649	69.2134
650	69.1173
651	68.957
652	68.8796
653	68.9516
654	69.1917
655	68.9621
656	68.9131
657	68.8852
658	68.6944
659	68.9019
660	69.1154
661	68.9479
662	68.9643
663	68.8929
664	68.6688
665	68.5237
666	68.6094
667	68.6488
668	68.5646
669	68.2851
670	68.499
671	68.2194
672	68.4835
673	68.7503
674	68.4166
675	68.3186
676	68.3879
677	68.4974
678	68.141
679	68.2418
680	68.4364
681	68.4994
682	68.3688
683	68.1549
684	68.5209
685	68.5005
686	68.4295
687	68.4885
688	68.5097
689	68.4044
690	68.1518
691	68.2584
692	68.4797
693	68.2827
694	68.4873
695	68.2773
696	68.5531
697	68.6848
698	68.33
699	68.4808
700	68.4211
701	68.463
702	68.3568
703	68.6026
704	68.2946
705	68.02
706	68.2974
707	68.4491
708	68.3082
709	68.4008
710	68.4562
711	68.3916
712	68.2699
713	68.2443
714	68.5724
715	68.4951
716	68.5105
717	68.7619
718	68.6725
719	68.4411
720	68.2741
721	68.3364
722	68.557
723	68.5515
724	68.4257
725	68.6674
726	68.4017
727	68.4702
728	68.3858
729	68.1638
730	68.1168
731	68.159
732	68.2484
733	68.2779
734	68.3043
735	68.5252
736	68.3986
737	68.3524
738	68.6731
739	68.566
740	68.4757
741	68.3758
742	68.1464
743	68.434
744	68.3395
745	68.2529
746	68.1514
747	68.0453
748	68.4161
749	68.2544
750	68.3315
751	68.0305
752	68.185
753	68.2054
754	68.408
755	68.2967
756	68.384
757	68.5514
758	68.3077
759	68.4497
760	68.4929
761	68.4402
762	68.3357
763	68.3003
764	68.0122
765	68.0906
766	68.3173
767	68.3561
768	68.1001
769	68.1805
770	68.105
771	68.2221
772	68.1853
773	68.2327
774	68.2896
775	68.4561
776	68.3938
777	68.2227
778	68.3042
779	68.2636
780	68.3575
781	67.9489
782	68.1189
783	68.1569
784	68.2424
785	68.2259
786	68.1545
787	68.2812
788	68.1981
789	68.1889
790	68.1327
791	68.2693
792	68.1325
793	68.0774
794	68.0192
795	68.1056
796	68.0893
797	68.1062
798	68.1759
799	68.2028
800	68.2862
801	68.4983
802	68.2361
803	68.1513
804	68.033
805	68.0802
806	67.9316
807	67.8803
808	67.6905
809	67.7504
810	67.7011
811	67.76
812	67.5207
813	67.5614
814	67.8815
815	67.8974
816	67.9
817	67.72
818	67.5805
819	67.8915
820	67.6353
821	67.6412
822	67.6272
823	67.7388
824	67.8562
825	67.8687
826	67.7962
827	67.4554
828	67.8502
829	68.0735
830	67.415
831	67.439
832	67.7285
833	67.8981
834	67.6089
835	67.4446
836	67.6894
837	67.6295
838	67.5672
839	67.5422
840	67.7542
841	67.8314
842	67.7181
843	67.5162
844	67.4674
845	67.4356
846	67.4594
847	67.762
848	67.4092
849	67.4848
850	67.8518
851	67.6072
852	67.6043
853	67.4457
854	67.7739
855	67.3315
856	67.315
857	67.4044
858	67.8034
859	67.4845
860	67.2741
861	67.2016
862	67.3119
863	67.5362
864	67.56
865	67.836
866	67.7129
867	67.1963
868	67.3922
869	67.4379
870	67.5024
871	67.5888
872	67.8142
873	67.8143
874	67.8005
875	67.3281
876	67.259
877	67.565
878	67.2238
879	67.3662
880	67.3851
881	67.4891
882	67.449
883	67.6402
884	67.6195
885	67.5941
886	67.7212
887	67.6844
888	67.5409
889	67.5225
890	67.4123
891	67.6537
892	67.5791
893	67.8454
894	67.5648
895	67.664
896	67.4754
897	67.5652
898	67.6891
899	67.5135
900	67.4169
901	67.8416
902	67.7663
903	67.4979
904	67.4614
905	67.611
906	67.9203
907	67.7906
908	67.8307
909	67.5212
910	67.4758
911	67.5327
912	67.4667
913	67.4375
914	67.6565
915	67.7072
916	67.7346
917	67.559
918	67.4334
919	67.5975
920	67.4301
921	67.4859
922	67.4727
923	67.4956
924	67.7217
925	67.6191
926	67.6609
927	67.5196
928	67.6892
929	67.7463
930	67.5184
931	67.6648
932	67.4551
933	67.4702
934	67.4746
935	67.6953
936	67.6161
937	67.5146
938	67.4678
939	67.4295
940	67.5447
941	67.6854
942	67.5198
943	67.5119
944	67.5264
945	67.486
946	67.4725
947	67.6528
948	67.6428
949	67.7914
950	67.4772
951	67.6997
952	67.5773
953	67.6308
954	67.6673
955	67.7135
956	67.5179
957	67.8144
958	67.8438
959	67.6339
960	67.5912
961	67.5726
962	67.3827
963	67.4798
964	67.2697
965	67.5338
966	67.4768
967	67.6693
968	67.7462
969	67.764
970	67.822
971	67.5582
972	67.4746
973	67.4912
974	67.6521
975	67.8013
976	67.4025
977	67.7555
978	67.2728
979	67.405
980	67.5367
981	67.5778
982	67.5467
983	67.3721
984	67.4565
985	67.5967
986	68.0191
987	67.6742
988	67.4
989	67.1505
990	67.3455
991	67.5155
992	67.5835
993	67.54
994	67.4696
995	67.6608
996	67.5054
997	67.5754
998	67.5451
999	67.6322
1000	67.8448
1001	67.6063
1002	67.5247
1003	67.7241
1004	67.7685
1005	67.3095
1006	67.2192
1007	67.2421
1008	67.5821
1009	67.524
1010	67.7416
1011	67.6343
1012	67.6984
1013	67.4332
1014	67.4726
1015	67.6821
1016	67.6195
1017	67.5103
1018	67.5478
1019	67.5955
1020	67.4205
1021	67.5339
1022	67.5497
1023	67.3956
1024	67.4999
1025	67.6328
1026	67.4311
1027	67.2626
1028	67.4666
1029	67.8658
1030	67.724
1031	67.5984
1032	67.5223
1033	67.5448
1034	67.5372
1035	67.3896
1036	67.634
1037	67.5074
1038	67.5437
1039	67.7293
1040	67.6242
1041	67.466
1042	67.6712
1043	67.9944
1044	67.7291
1045	67.5178
1046	67.5001
1047	67.7239
1048	67.4724
1049	67.4656
1050	67.4543
1051	67.6974
1052	67.7746
1053	67.6303
1054	67.6715
1055	67.6223
1056	67.4845
1057	67.6659
1058	67.4258
1059	67.5982
1060	67.4346
1061	67.515
1062	67.4456
1063	67.6583
1064	67.5362
1065	67.7331
1066	67.5773
1067	67.6243
1068	67.5432
1069	67.3807
1070	67.5203
1071	67.3807
1072	67.359
1073	67.5449
1074	67.6281
1075	67.4198
1076	67.2493
1077	67.6411
1078	67.4789
1079	67.2491
1080	67.692
1081	67.8356
1082	67.5931
1083	67.5078
1084	67.317
1085	67.6319
1086	67.5324
1087	67.5847
1088	67.5
1089	67.531
1090	67.3631
1091	67.226
1092	67.2727
1093	67.3496
1094	67.3217
1095	67.4702
1096	67.6252
1097	67.465
1098	67.4264
1099	67.4177
1100	67.7982
1101	67.6053
1102	67.7266
1103	67.3196
1104	67.4488
1105	67.4444
1106	67.478
1107	67.4511
1108	67.527
1109	67.7957
1110	67.674
1111	67.4489
1112	67.6864
1113	67.5399
1114	67.4699
1115	67.7465
1116	67.4937
1117	67.5429
1118	67.4973
1119	67.7913
1120	67.7578
1121	67.6357
1122	67.4994
1123	67.7929
1124	67.7001
1125	67.885
1126	67.4935
1127	67.5559
1128	67.3033
1129	67.5384
1130	67.7033
1131	67.5083
1132	67.3869
1133	67.4918
1134	67.7536
1135	67.7235
1136	67.2456
1137	67.5084
1138	67.3853
1139	67.4318
1140	67.5137
1141	67.566
1142	67.5805
1143	67.5391
1144	67.6145
1145	67.5907
1146	67.3085
1147	67.5823
1148	67.9032
1149	67.4582
1150	67.5836
1151	67.6008
1152	67.4776
1153	67.4015
1154	67.3468
1155	67.5599
1156	67.3388
1157	67.5229
1158	67.4929
1159	67.6271
1160	67.7067
1161	67.3638
1162	67.5671
1163	67.5004
1164	67.5849
1165	67.7236
1166	67.5653
1167	67.494
1168	67.7223
1169	67.5757
1170	67.7128
1171	67.6387
1172	67.442
1173	67.3542
1174	67.6277
1175	67.7188
1176	67.7752
1177	67.4407
1178	67.4803
1179	67.58
1180	67.4077
1181	67.4709
1182	67.5616
1183	67.6108
1184	67.2718
1185	67.4584
1186	67.6229
1187	67.506
1188	67.3489
1189	67.5839
1190	67.5929
1191	67.7959
1192	67.5447
1193	67.3757
1194	67.2898
1195	67.5168
1196	67.4374
1197	67.4705
1198	67.6164
1199	67.5945
1200	67.5309
1201	67.4543
1202	67.4994
1203	67.5495
1204	67.4108
1205	67.5188
1206	67.5591
1207	67.583
1208	67.2997
1209	67.5284
1210	67.4891
1211	67.6513
1212	67.6584
1213	67.6773
1214	67.4295
1215	67.4674
1216	67.4044
1217	67.5891
1218	67.7032
1219	67.5281
1220	67.377
1221	67.6871
1222	67.4474
1223	67.5565
1224	67.5437
1225	67.4955
1226	67.4291
1227	67.6497
1228	67.6299
1229	67.4214
1230	67.421
1231	67.5348
1232	67.4511
1233	67.4526
1234	67.4034
1235	67.5344
1236	67.3043
1237	67.4562
1238	67.5164
1239	67.4204
1240	67.4315
1241	67.6223
1242	67.6757
1243	67.7101
1244	67.8123
1245	67.8521
1246	67.8079
1247	67.344
1248	67.5507
1249	67.4258
1250	67.4407
1251	67.6002
1252	67.5488
1253	67.6553
1254	67.4052
1255	67.6273
1256	67.5019
1257	67.4608
1258	67.6264
1259	67.6667
1260	67.4408
1261	67.774
1262	67.5615
1263	67.6649
1264	67.625
1265	67.6293
1266	67.4292
1267	67.4271
1268	67.3861
1269	67.7024
1270	67.495
1271	67.4789
1272	67.4287
1273	67.7115
1274	67.6545
1275	67.6231
1276	67.6117
1277	67.7399
1278	67.5459
1279	67.3942
1280	67.416
1281	67.627
1282	67.5811
1283	67.6324
1284	67.5533
1285	67.494
1286	67.3022
1287	67.7134
1288	67.6171
1289	67.5808
1290	67.5072
1291	67.4745
1292	67.4398
1293	67.2222
1294	67.3573
1295	67.4498
1296	67.8095
1297	67.3276
1298	67.4039
1299	67.1974
1300	67.4867
1301	67.6163
1302	67.5854
1303	67.4948
1304	67.4363
1305	67.357
1306	67.5628
1307	67.5087
1308	67.4775
1309	67.5501
1310	67.7309
1311	67.4545
1312	67.5771
1313	67.5586
1314	67.3612
1315	67.4691
1316	67.4225
1317	67.7373
1318	67.5656
1319	67.637
1320	67.6895
1321	67.7937
1322	67.538
1323	67.6245
1324	67.6401
1325	67.4611
1326	67.484
1327	67.5732
1328	67.6643
1329	67.5137
1330	67.5572
1331	67.5678
1332	67.4089
1333	67.4823
1334	67.832
1335	67.7402
1336	67.6848
1337	67.4546
1338	67.51
1339	67.4527
1340	67.5453
1341	67.5508
1342	67.5022
1343	67.7257
1344	67.7229
1345	67.6604
1346	67.6229
1347	67.5233
1348	67.7013
1349	67.8146
1350	67.8566
1351	67.6677
1352	67.6807
1353	67.4116
1354	67.4302
1355	67.391
1356	67.3907
1357	67.4705
1358	67.5354
1359	67.6512
1360	67.9387
1361	67.7141
1362	67.4493
1363	67.4296
1364	67.4414
1365	67.6966
1366	67.6645
1367	67.9009
1368	67.7151
1369	67.5646
1370	67.5753
1371	67.5245
1372	67.8907
1373	67.4545
1374	67.4954
1375	67.1824
1376	67.1145
1377	67.4355
1378	67.1735
1379	67.4817
1380	67.373
1381	67.0558
1382	67.3743
1383	67.2399
1384	67.268
1385	67.2493
1386	67.2333
1387	67.1863
1388	67.1845
1389	67.2611
1390	67.2571
1391	67.1235
1392	67.1695
1393	67.1097
1394	67.1471
1395	67.134
1396	67.2852
1397	67.3559
1398	67.099
1399	67.2698
1400	67.3221
1401	67.0051
1402	66.9962
1403	67.1357
1404	67.3781
1405	67.3331
1406	67.2202
1407	67.332
1408	67.194
1409	67.2952
1410	66.9772
1411	67.374
1412	67.2085
1413	67.1264
1414	67.2052
1415	67.2184
1416	67.2418
1417	67.0413
1418	67.2172
1419	67.0439
1420	67.1959
1421	67.2196
1422	67.2515
1423	67.2048
1424	67.251
1425	67.048
1426	67.1986
1427	67.3463
1428	67.3051
1429	67.1804
1430	67.3022
1431	67.2539
1432	67.0277
1433	67.4735
1434	67.244
1435	67.0598
1436	67.1422
1437	67.2175
1438	67.3416
1439	67.1455
1440	67.3042
1441	67.3038
1442	67.1962
1443	67.0875
1444	66.9493
1445	67.1167
1446	67.0479
1447	67.1108
1448	67.456
1449	67.1569
1450	67.2844
1451	67.0735
1452	67.1566
1453	67.4055
1454	67.2562
1455	67.2708
1456	67.1555
1457	67.3438
1458	67.0977
1459	67.4179
1460	67.3715
1461	67.4689
1462	67.528
1463	67.2189
1464	66.9417
1465	67.003
1466	67.3965
1467	67.3624
1468	67.1877
1469	67.0746
1470	67.0298
1471	67.4277
1472	67.2311
1473	67.15
1474	66.9307
1475	67.0916
1476	67.2157
1477	67.2129
1478	67.054
1479	67.2006
1480	67.2082
1481	67.1855
1482	67.3079
1483	67.2362
1484	67.2667
1485	67.1961
1486	67.1188
1487	67.1455
1488	66.9703
1489	67.0752
1490	67.1656
1491	67.0108
1492	67.0902
1493	67.2217
1494	67.0805
1495	67.515
1496	67.4097
1497	67.4101
1498	67.0686
1499	67.2288
1500	67.3709
1501	67.5617
1502	67.2685
1503	67.1325
1504	67.0393
1505	67.4915
1506	67.2487
1507	67.1225
1508	67.0944
1509	67.1833
1510	67.2076
1511	67.0621
1512	67.3073
1513	67.2157
1514	67.1657
1515	67.4394
1516	67.2423
1517	67.365
1518	67.2143
1519	67.3378
1520	67.4061
1521	67.2302
1522	66.9663
1523	67.1171
1524	67.4089
1525	67.2506
1526	67.1262
1527	67.2741
1528	67.0911
1529	67.326
1530	67.1642
1531	67.0601
1532	67.0024
1533	67.3044
1534	67.0187
1535	67.0722
1536	67.2934
1537	67.321
1538	67.1461
1539	67.1842
1540	67.1769
1541	67.1665
1542	67.3137
1543	67.056
1544	66.9722
1545	67.1069
1546	67.3344
1547	67.428
1548	67.2963
1549	67.0839
1550	66.9373
1551	67.1634
1552	67.2897
1553	67.3037
1554	67.1864
1555	67.103
1556	67.0948
1557	67.2083
1558	67.2607
1559	67.424
1560	67.3649
1561	67.2586
1562	67.1488
1563	67.1426
1564	66.889
1565	66.8634
1566	66.9539
1567	67.2806
1568	67.3053
1569	67.5384
1570	67.4586
1571	67.2833
1572	67.2951
1573	67.2082
1574	67.1997
1575	67.2012
1576	67.0819
1577	67.216
1578	67.1503
1579	67.0317
1580	67.3687
1581	67.5675
1582	67.343
1583	67.2611
1584	67.326
1585	67.3541
1586	67.2295
1587	67.3663
1588	67.2645
1589	67.2657
1590	67.282
1591	67.1723
1592	67.5173
1593	67.2854
1594	67.1309
1595	67.3068
1596	67.4024
1597	67.2696
1598	67.1757
1599	66.9058
1600	66.936
1601	67.1094
1602	67.1669
1603	67.3223
1604	67.0657
1605	67.0741
1606	67.2768
1607	67.0775
1608	67.2275
1609	67.1126
1610	67.2822
1611	67.1251
1612	67.1799
1613	67.277
1614	67.1656
1615	67.1173
1616	67.1515
1617	67.4216
1618	67.1759
1619	67.169
1620	66.996
1621	67.3219
1622	67.5022
1623	67.6207
1624	67.3511
1625	67.2858
1626	67.3011
1627	66.9786
1628	67.6507
1629	67.3068
1630	67.1691
1631	67.3443
1632	67.2742
1633	67.24
1634	67.215
1635	67.3953
1636	67.2159
1637	67.0786
1638	67.1468
1639	67.3398
1640	67.2305
1641	67.2233
1642	67.37
1643	67.1058
1644	67.505
1645	67.1623
1646	67.012
1647	67.382
1648	67.3641
1649	67.4943
1650	67.3704
1651	67.5656
1652	67.2503
1653	67.1663
1654	67.1547
1655	67.1554
1656	66.994
1657	67.1307
1658	67.3448
1659	67.1595
1660	66.9055
1661	67.0809
1662	67.4341
1663	67.1811
1664	67.3047
1665	67.2568
1666	66.9933
1667	66.9293
1668	67.2295
1669	67.4166
1670	67.128
1671	67.3971
1672	67.0291
1673	67.0699
1674	66.9927
1675	67.2523
1676	67.4295
1677	67.2
1678	67.3941
1679	67.2959
1680	67.5467
1681	67.1976
1682	67.0778
1683	66.9332
1684	67.0946
1685	67.156
1686	67.1916
1687	67.4289
1688	67.1242
1689	67.3749
1690	67.4401
1691	67.4517
1692	67.2463
1693	66.9895
1694	67.4126
1695	67.2682
1696	67.4167
1697	67.1101
1698	67.2978
1699	67.0446
1700	67.3117
1701	67.2394
1702	67.3369
1703	67.4959
1704	67.4607
1705	67.4117
1706	67.2458
1707	67.2769
1708	67.557
1709	67.2027
1710	67.2573
1711	67.1769
1712	67.1078
1713	66.9727
1714	67.1648
1715	67.2554
1716	67.1106
1717	67.1237
1718	67.0596
1719	67.2268
1720	67.412
1721	67.2904
1722	67.3878
1723	67.2686
1724	67.3448
1725	67.0313
1726	67.3088
1727	67.1382
1728	67.2598
1729	67.2283
1730	67.3066
1731	67.4346
1732	67.0266
1733	67.3316
1734	67.2718
1735	67.1379
1736	67.3615
1737	67.1143
1738	67.2446
1739	67.1291
1740	67.28
1741	66.9667
1742	67.0513
1743	67.0189
1744	67.3199
1745	67.112
1746	66.9165
1747	67.0724
1748	67.154
1749	67.1321
1750	67.1355
1751	67.1187
1752	66.9864
1753	67.1351
1754	67.0534
1755	67.1003
1756	67.3572
1757	67.3027
1758	67.3155
1759	67.3265
1760	67.2051
1761	67.1061
1762	67.2042
1763	67.222
1764	67.1242
1765	67.2877
1766	67.2322
1767	67.2849
1768	67.3002
1769	67.2625
1770	67.4531
1771	67.3913
1772	67.1192
1773	66.8682
1774	66.9469
1775	67.382
1776	67.2223
1777	67.3717
1778	67.0646
1779	67.139
1780	67.3365
1781	67.1361
1782	67.3768
1783	67.4139
1784	67.347
1785	67.2182
1786	67.1017
1787	67.0786
1788	67.2487
1789	67.4041
1790	67.2852
1791	67.094
1792	67.3007
1793	67.4377
1794	67.39
1795	67.2777
1796	67.601
1797	67.3775
1798	67.4802
1799	67.2717
1800	67.4632
1801	67.357
1802	67.1524
1803	67.4238
1804	66.9974
1805	66.9987
1806	67.4662
1807	67.3349
1808	67.2876
1809	67.2226
1810	66.8975
1811	67.1265
1812	67.1393
1813	67.118
1814	67.2321
1815	67.1877
1816	67.2101
1817	67.1921
1818	67.1196
1819	67.1115
1820	67.1758
1821	67.1989
1822	67.1658
1823	67.0213
1824	67.0665
1825	67.1391
1826	67.2561
1827	67.1715
1828	67.27
1829	67.3149
1830	67.2003
1831	67.2446
1832	67.2103
1833	67.1574
1834	67.134
1835	67.1724
1836	67.1144
1837	66.9438
1838	66.8652
1839	67.3615
1840	67.3922
1841	67.4083
1842	67.2808
1843	67.2161
1844	67.1029
1845	67.2001
1846	67.304
1847	67.3522
1848	67.3064
1849	67.2517
1850	67.4636
1851	67.5521
1852	67.6151
1853	67.5024
1854	67.184
1855	67.1363
1856	67.3813
1857	67.2015
1858	66.9971
1859	67.0785
1860	67.2821
1861	67.102
1862	67.3259
1863	67.1613
1864	67.3024
1865	67.1584
1866	67.4269
1867	67.4761
1868	67.4025
1869	67.1237
1870	67.135
1871	67.1198
1872	67.0038
1873	67.1518
1874	67.2497
1875	67.3676
1876	67.5038
1877	67.238
1878	67.0765
1879	67.0005
1880	67.1454
1881	67.2627
1882	67.2719
1883	67.0735
1884	67.0597
1885	67.3912
1886	67.335
1887	67.1077
1888	67.1222
1889	67.1823
1890	66.9704
1891	67.1493
1892	67.2199
1893	67.5051
1894	67.1832
1895	66.783
1896	66.9388
1897	67.1077
1898	67.0481
1899	67.4168
1900	67.1074
1901	67.1684
1902	67.3496
1903	67.2725
1904	67.2868
1905	67.1489
1906	67.105
1907	67.2937
1908	67.4584
1909	67.0989
1910	66.9528
1911	67.0781
1912	67.1123
1913	67.2599
1914	67.126
1915	67.2592
1916	67.3472
1917	67.1329
1918	67.3878
1919	66.9737
1920	67.2539
1921	67.3475
1922	67.2668
1923	67.1641
1924	67.2212
1925	67.1515
1926	67.1397
1927	67.0681
1928	67.1888
1929	67.2207
1930	67.0334
1931	67.3144
1932	67.0277
1933	67.192
1934	67.3792
1935	67.0466
1936	67.2765
1937	67.2808
1938	67.0088
1939	67.2702
1940	67.2163
1941	67.0788
1942	67.0448
1943	67.0138
1944	67.216
1945	67.051
1946	67.095
1947	67.2168
1948	66.9389
1949	67.2516
1950	67.3136
1951	67.0644
1952	67.1779
1953	67.149
1954	67.4905
1955	67.1155
1956	67.0497
1957	67.1709
1958	67.3017
1959	67.0229
1960	66.977
1961	67.1486
1962	67.5449
1963	67.1886
1964	67.1834
1965	67.1454
1966	67.4633
1967	67.1083
1968	67.077
1969	67.077
1970	67.2097
1971	67.1416
1972	67.4886
1973	67.5089
1974	67.3757
1975	67.2243
1976	67.3356
1977	67.1032
1978	67.1271
1979	67.3737
1980	67.3803
1981	67.4904
1982	67.4564
1983	67.3294
1984	67.321
1985	67.2103
1986	67.0886
1987	67.1424
1988	67.181
1989	67.1435
1990	67.239
1991	67.3119
1992	67.2068
1993	66.9346
1994	67.1532
1995	67.1636
1996	67.066
1997	67.3402
1998	67.1337
1999	67.4233
2000	67.297
2001	67.4751
2002	67.2304
2003	67.0572
2004	67.1813
2005	67.3969
2006	67.2243
2007	67.2756
2008	67.2805
2009	66.9739
2010	67.2335
2011	66.9971
2012	67.1992
2013	67.3649
2014	67.2434
2015	67.271
2016	67.2478
2017	67.2226
2018	67.3499
2019	67.3338
2020	67.3417
2021	67.2189
2022	67.4103
2023	67.1964
2024	67.4186
2025	67.0433
2026	67.452
2027	67.3758
2028	67.3064
2029	67.2777
2030	67.1161
2031	67.2258
2032	67.3449
2033	67.2234
2034	67.248
2035	67.5032
2036	67.2458
2037	67.3997
2038	67.2897
2039	67.2706
2040	67.0915
2041	67.2237
2042	67.6048
2043	67.405
2044	67.4592
2045	67.3612
2046	67.3263
2047	67.0372
2048	67.1268
2049	67.4551
2050	67.2022
2051	67.214
2052	67.1298
2053	66.9786
2054	67.0991
2055	67.1065
2056	67.1816
2057	67.0999
2058	66.9853
2059	67.218
2060	67.1987
2061	66.9904
2062	67.0837
2063	67.1531
2064	67.0736
2065	67.4718
2066	67.3161
2067	67.1674
2068	67.4694
2069	67.0571
2070	67.2557
2071	67.3051
2072	67.2604
2073	67.1906
2074	67.2202
2075	67.2614
2076	66.9717
2077	67.187
2078	67.4483
2079	67.4998
2080	67.2585
2081	67.3358
2082	67.2801
2083	67.2048
2084	66.8212
2085	67.2704
2086	67.0853
2087	67.2802
2088	67.3877
2089	67.1863
2090	67.4815
2091	67.2817
2092	67.0851
2093	67.4309
2094	67.1337
2095	67.5887
2096	67.338
2097	67.1496
2098	67.4813
2099	67.1342
2100	67.2399
2101	67.367
2102	67.4544
2103	67.4092
2104	67.2737
2105	67.1209
2106	67.0388
2107	67.11
2108	67.1109
2109	67.1147
2110	67.3925
2111	67.3343
2112	67.4442
2113	67.4555
2114	67.0566
2115	67.4874
2116	67.3054
2117	67.1979
2118	67.163
2119	67.0103
2120	67.1722
2121	67.1575
2122	67.5124
2123	67.5154
2124	67.3259
2125	66.9125
2126	67.2429
2127	67.0395
2128	67.0801
2129	67.2162
2130	67.1708
2131	67.2722
2132	67.1841
2133	67.4551
2134	67.1996
2135	66.9688
2136	66.8955
2137	67.245
2138	67.1162
2139	67.1755
2140	67.1428
2141	67.4603
2142	67.2085
2143	66.9448
2144	67.0669
2145	67.1813
2146	67.0069
2147	67.1449
2148	66.9711
2149	67.1976
2150	67.1154
2151	66.9598
2152	67.2646
2153	67.0658
2154	67.3451
2155	67.2056
2156	67.0556
2157	66.9215
2158	67.1474
2159	67.3001
2160	67.1747
2161	67.1462
2162	67.4244
2163	66.9347
2164	67.224
2165	67.0189
2166	67.1117
2167	66.9335
2168	67.0351
2169	66.9128
2170	67.1261
2171	67.2628
2172	67.0806
2173	67.005
2174	66.9915
2175	66.9711
2176	67.0354
2177	66.9824
2178	67.1692
2179	67.5303
2180	67.1575
2181	66.9384
2182	67.0073
2183	66.9576
2184	67.081
2185	66.9195
2186	66.8604
2187	67.0894
2188	67.2586
2189	67.1371
2190	67.3699
2191	67.2209
2192	67.1855
2193	67.6029
2194	67.33
2195	67.0089
2196	67.0775
2197	67.3194
2198	67.4309
2199	67.0601
2200	67.3312
2201	66.8066
2202	66.9331
2203	67.0218
2204	66.9284
2205	66.9883
2206	67.0844
2207	67.1465
2208	67.1958
2209	67.0192
2210	67.1467
2211	67.1156
2212	67.1383
2213	67.0983
2214	67.0336
2215	67.2913
2216	67.3572
2217	67.1969
2218	67.0437
2219	67.1532
2220	66.999
2221	66.9299
2222	67.241
2223	67.0423
2224	67.0229
2225	67.0294
2226	67.1741
2227	67.1209
2228	67.2343
2229	67.2437
2230	67.1595
2231	67.437
2232	67.0996
2233	66.9691
2234	66.9095
2235	67.1895
2236	67.2693
2237	67.268
2238	67.1499
2239	67.2058
2240	67.236
2241	67.4053
2242	67.4576
2243	67.3895
2244	67.1881
2245	67.1498
2246	67.2228
2247	67.5531
2248	67.1617
2249	67.1315
2250	67.153
2251	67.1743
2252	66.9549
2253	67.1787
2254	67.0623
2255	67.0388
2256	67.2801
2257	67.1691
2258	67.1267
2259	67.3399
2260	67.2741
2261	67.1323
2262	66.9366
2263	67.0521
2264	67.2194
2265	67.0279
2266	67.1434
2267	67.2124
2268	67.182
2269	67.1108
2270	67.1095
2271	67.0035
2272	67.0438
2273	67.257
2274	67.1611
2275	67.2571
2276	67.32
2277	67.4576
2278	67.0821
2279	67.2549
2280	67.1043
2281	66.8835
2282	66.9612
2283	67.1142
2284	67.2708
2285	67.3961
2286	67.1648
2287	66.9709
2288	67.0276
2289	67.2888
2290	67.351
2291	67.1818
2292	67.0674
2293	67.2112
2294	67.1257
2295	67.3173
2296	67.2718
2297	67.0802
2298	67.1189
2299	67.2325
2300	67.3389
2301	67.0757
2302	67.2335
2303	66.803
2304	67.0084
2305	67.0008
2306	66.9638
2307	67.2284
2308	67.1357
2309	67.1515
2310	67.0373
2311	66.9974
2312	67.1208
2313	67.3358
2314	67.2994
2315	67.1441
2316	67.1089
2317	66.9147
2318	66.9746
2319	66.9704
2320	67.1095
2321	67.2208
2322	67.1563
2323	67.1723
2324	67.0567
2325	67.0501
2326	67.456
2327	67.5838
2328	67.2771
2329	67.2246
2330	67.0288
2331	67.1431
2332	67.0647
2333	66.9389
2334	67.1815
2335	67.2551
2336	67.0886
2337	67.0339
2338	67.1543
2339	67.223
2340	67.1976
2341	67.4814
2342	67.1062
2343	67.3971
2344	67.3015
2345	67.2334
2346	66.9862
2347	66.9316
2348	66.9808
2349	67.1298
2350	66.9957
2351	67.2709
2352	67.2083
2353	67.2314
2354	67.0673
2355	67.1279
2356	67.2919
2357	67.2321
2358	67.1578
2359	67.259
2360	67.1371
2361	66.9841
2362	66.8815
2363	67.0885
2364	67.2186
2365	67.0579
2366	67.0424
2367	67.1917
2368	67.172
2369	66.9273
2370	66.9394
2371	67.1891
2372	66.982
2373	67.0355
2374	66.9324
2375	66.9828
2376	67.0378
2377	67.2185
2378	67.1344
2379	67.1026
2380	67.2259
2381	67.1579
2382	67.0638
2383	67.2313
2384	67.0654
2385	66.9694
2386	66.9826
2387	67.038
2388	67.0143
2389	67.0236
2390	66.9418
2391	66.9318
2392	67.318
2393	67.4414
2394	67.3391
2395	67.0308
2396	67.0559
2397	67.1328
2398	67.379
2399	67.1393
2400	67.301
2401	67.2166
2402	67.2433
2403	67.0204
2404	67.1951
2405	67.1867
2406	67.0559
2407	67.0977
2408	67.5765
2409	67.2177
2410	67.2053
2411	66.9187
2412	66.9543
2413	67.1178
2414	66.887
2415	66.8564
2416	67.1662
2417	67.4392
2418	67.0787
2419	67.1791
2420	67.0791
2421	67.2465
2422	66.9858
2423	66.9801
2424	66.9903
2425	67.0516
2426	67.1477
2427	67.1623
2428	67.4259
2429	67.0844
2430	67.0012
2431	67.194
2432	67.2362
2433	67.3407
2434	67.008
2435	67.2469
2436	67.0168
2437	67.0042
2438	67.1382
2439	67.2085
2440	67.289
2441	67.1682
2442	67.0156
2443	67.0612
2444	67.0709
2445	67.2125
2446	67.2059
2447	67.1599
2448	66.8968
2449	67.1822
2450	67.164
2451	67.1017
2452	67.3563
2453	67.5471
2454	67.2229
2455	67.3309
2456	67.0699
2457	67.1353
2458	66.964
2459	67.1947
2460	67.0857
2461	67.2232
2462	67.5954
2463	67.3754
2464	67.1824
2465	67.0628
2466	67.1281
2467	67.3992
2468	67.1243
2469	67.0169
2470	66.9309
2471	67.0465
2472	67.2426
2473	67.0618
2474	67.3221
2475	67.5777
2476	67.1329
2477	66.8418
2478	66.7925
2479	67.1491
2480	67.2323
2481	67.22
2482	66.9274
2483	67.0121
2484	67.1381
2485	67.1752
2486	67.0826
2487	67.4666
2488	67.6242
2489	67.2032
2490	67.1938
2491	67.2448
2492	67.1751
2493	66.967
2494	67.1875
2495	67.229
2496	67.1592
2497	66.9768
2498	66.9291
2499	67.1551
2500	67.0488
