Gen:	L_2
1	388.238
2	376.181
3	358.379
4	339.046
5	323.667
6	315.969
7	306.193
8	300.783
9	288.695
10	278.616
11	272.731
12	269.379
13	261.913
14	256.463
15	250.991
16	246.822
17	238.601
18	231.117
19	226.628
20	221.964
21	217.439
22	213.474
23	211.004
24	202.464
25	198.983
26	196.994
27	195.892
28	193.299
29	188.995
30	187.073
31	184.719
32	180.892
33	176.405
34	173.617
35	168.425
36	167.055
37	164.185
38	160.521
39	159.707
40	158.471
41	157.536
42	155.911
43	152.79
44	151.582
45	149.483
46	146.145
47	145.549
48	143.845
49	143.44
50	141.105
51	137.464
52	135.324
53	133.87
54	133.87
55	132.159
56	131.896
57	130.98
58	129.84
59	128.368
60	127.459
61	126.604
62	125.967
63	124.51
64	123.798
65	123.068
66	122.446
67	122.172
68	121.586
69	120.163
70	119.459
71	119.029
72	118.093
73	117.16
74	116.605
75	115.8
76	115.06
77	113.781
78	113.781
79	113.293
80	111.014
81	109.972
82	109.601
83	109.02
84	108.829
85	108.219
86	107.381
87	106.596
88	105.899
89	105.695
90	105.002
91	103.953
92	103.588
93	102.234
94	102.019
95	100.848
96	99.4789
97	99.3735
98	98.4991
99	98.2834
100	97.8703
101	97.8017
102	96.5997
103	96.118
104	95.0648
105	95.0648
106	95.0648
107	94.5908
108	94.4868
109	94.4295
110	94.0608
111	93.6643
112	93.3085
113	93.2735
114	93.0622
115	93.0622
116	92.1721
117	89.7118
118	89.4832
119	89.4562
120	89.1869
121	89.1765
122	89.1765
123	88.68
124	88.68
125	87.6832
126	87.0997
127	87.0281
128	87.0281
129	86.9436
130	86.9436
131	86.8838
132	86.2214
133	86.1247
134	86.0649
135	85.3769
136	85.1616
137	84.4137
138	84.4137
139	83.9315
140	83.9315
141	83.3193
142	83.3193
143	83.189
144	82.8731
145	82.8731
146	82.8731
147	82.8731
148	82.032
149	82.032
150	81.634
151	81.3456
152	81.3456
153	81.3456
154	81.1802
155	81.1802
156	80.883
157	80.372
158	80.1367
159	79.9819
160	79.9265
161	79.7339
162	79.7284
163	79.7284
164	79.7284
165	79.7284
166	79.5333
167	79.5333
168	79.519
169	79.519
170	79.1453
171	79.1313
172	79.1313
173	79.0443
174	78.8395
175	78.7439
176	78.7439
177	78.2704
178	78.2704
179	78.1508
180	77.9368
181	77.8172
182	77.3729
183	77.3729
184	77.3729
185	77.3729
186	77.3729
187	77.3729
188	77.3729
189	77.3729
190	77.3265
191	77.3265
192	77.3265
193	77.3265
194	77.2685
195	77.2685
196	77.2685
197	77.2685
198	77.2685
199	77.2038
200	77.1947
201	77.1947
202	77.1947
203	77.1947
204	77.0717
205	76.9297
206	76.9297
207	76.9297
208	76.701
209	76.4631
210	76.3691
211	76.2732
212	76.0919
213	76.0919
214	76.0919
215	76.0919
216	76.0919
217	76.0919
218	76.0919
219	76.0919
220	75.854
221	75.854
222	75.854
223	75.854
224	75.854
225	75.854
226	75.854
227	75.854
228	75.854
229	74.8145
230	74.8145
231	74.8145
232	74.8145
233	74.8145
234	74.8145
235	74.7349
236	74.7349
237	74.7349
238	74.7349
239	74.6865
240	74.5522
241	74.5038
242	74.5038
243	74.5038
244	74.5038
245	74.5038
246	74.5038
247	74.5038
248	74.5038
249	74.5038
250	74.5038
251	74.5038
252	74.5038
253	74.5038
254	74.5038
255	74.5038
256	74.5038
257	74.5038
258	74.5038
259	74.5038
260	74.5038
261	74.5038
262	74.5038
263	74.5038
264	74.5038
265	74.5038
266	74.5038
267	74.4207
268	74.2546
269	74.2546
270	74.2546
271	74.2546
272	74.052
273	73.886
274	73.886
275	73.886
276	73.886
277	73.886
278	73.886
279	73.886
280	73.8464
281	73.8316
282	73.8316
283	73.8316
284	73.7523
285	73.7523
286	73.7523
287	73.7523
288	73.3847
289	73.3847
290	73.3847
291	73.3847
292	73.3847
293	73.3847
294	73.3847
295	73.3847
296	73.3847
297	73.3847
298	73.1516
299	73.1516
300	73.1516
301	73.1516
302	73.1516
303	73.1516
304	73.1516
305	73.1516
306	73.1516
307	73.1516
308	73.1516
309	73.1516
310	73.1516
311	73.1516
312	73.1516
313	73.1516
314	73.1516
315	73.1516
316	73.1516
317	73.1516
318	73.1516
319	72.8334
320	72.6394
321	72.6394
322	72.553
323	72.553
324	72.553
325	72.553
326	72.553
327	72.553
328	72.553
329	72.553
330	72.553
331	72.553
332	72.553
333	72.553
334	72.553
335	72.553
336	72.553
337	72.553
338	72.553
339	72.553
340	72.553
341	72.553
342	72.553
343	72.5322
344	72.5322
345	72.5322
346	72.5322
347	72.5322
348	72.5322
349	72.5322
350	72.5322
351	72.5322
352	72.5322
353	72.5322
354	72.5322
355	72.5322
356	72.5322
357	72.5322
358	72.5322
359	72.5322
360	72.5322
361	72.5322
362	72.5322
363	72.5322
364	72.5322
365	72.5322
366	72.5322
367	72.5322
368	72.5322
369	72.5322
370	72.5322
371	72.5322
372	72.5322
373	72.5322
374	72.5322
375	72.5322
376	72.5322
377	72.5322
378	72.5322
379	72.5322
380	72.5322
381	72.5322
382	72.5322
383	72.5322
384	72.5322
385	72.5322
386	72.5322
387	72.5322
388	72.5322
389	72.5322
390	72.5322
391	72.5322
392	72.5322
393	72.5322
394	72.5322
395	72.5322
396	72.5322
397	72.5322
398	72.5322
399	72.5322
400	72.5322
401	72.5322
402	72.5322
403	72.5322
404	72.5322
405	72.5322
406	72.5322
407	72.5322
408	72.5322
409	72.5322
410	72.5322
411	72.5322
412	72.5322
413	72.5322
414	72.5322
415	72.5322
416	72.5322
417	72.5322
418	72.5322
419	72.5322
420	72.5322
421	72.5322
422	72.5322
423	72.5322
424	72.5322
425	72.5322
426	72.5322
427	72.5322
428	72.5322
429	72.5322
430	72.5322
431	72.5322
432	72.5322
433	72.5322
434	72.5322
435	72.5322
436	72.5322
437	72.5322
438	72.5322
439	72.5322
440	72.5322
441	72.5322
442	72.5322
443	72.5322
444	72.5322
445	72.5322
446	72.5322
447	72.5322
448	72.5322
449	72.5322
450	72.5322
451	72.5322
452	72.5322
453	72.5322
454	72.5322
455	72.5322
456	72.5322
457	72.5322
458	72.5322
459	72.5322
460	72.5322
461	72.5322
462	72.5322
463	72.5322
464	72.5322
465	72.5322
466	72.5322
467	72.5322
468	72.5322
469	72.5322
470	72.5322
471	72.5322
472	72.5322
473	72.5322
474	72.5322
475	72.5322
476	72.5322
477	72.5322
478	72.368
479	72.368
480	72.368
481	72.368
482	72.368
483	72.368
484	72.368
485	72.368
486	72.368
487	72.368
488	72.368
489	72.368
490	72.368
491	72.368
492	72.368
493	72.368
494	72.368
495	72.368
496	72.368
497	72.368
498	72.368
499	72.368
500	72.368
501	72.368
502	72.368
503	72.368
504	72.368
505	72.368
506	72.368
507	72.2806
508	72.2806
509	72.2806
510	72.2806
511	72.2806
512	72.2806
513	72.2806
514	72.2806
515	72.2806
516	72.2806
517	72.2806
518	72.2806
519	72.2806
520	72.2806
521	72.2806
522	72.2806
523	72.2806
524	72.2806
525	72.2806
526	72.2806
527	72.2806
528	72.2806
529	72.2806
530	72.2806
531	72.2806
532	72.2806
533	72.2806
534	72.2806
535	72.2806
536	72.2806
537	72.2806
538	72.2806
539	72.2806
540	72.2806
541	72.2806
542	72.2806
543	72.2806
544	72.2806
545	72.2806
546	72.2806
547	72.2806
548	72.2806
549	72.2806
550	72.2806
551	72.2806
552	72.2806
553	72.2806
554	72.2806
555	72.2806
556	72.2806
557	72.2806
558	72.2806
559	72.2806
560	72.2806
561	72.2806
562	72.2806
563	72.2806
564	72.2806
565	72.2806
566	72.1184
567	72.1184
568	72.1184
569	72.1184
570	72.1184
571	72.1184
572	72.1184
573	72.1184
574	72.1184
575	72.1184
576	72.1184
577	72.1184
578	72.1184
579	72.1184
580	72.1184
581	72.1184
582	72.1184
583	72.1184
584	72.1184
585	72.1184
586	71.8625
587	71.8625
588	71.8625
589	71.8625
590	71.8625
591	71.8003
592	71.8003
593	71.8003
594	71.8003
595	71.8003
596	71.8003
597	71.8003
598	71.8003
599	71.8003
600	71.8003
601	71.6656
602	71.6656
603	71.6656
604	71.6656
605	71.4756
606	71.4756
607	71.4756
608	71.4096
609	71.4096
610	71.4096
611	71.4096
612	71.4096
613	71.4096
614	70.6479
615	70.6479
616	70.5842
617	70.5842
618	70.5842
619	70.5842
620	70.5397
621	70.5397
622	69.8181
623	69.8181
624	69.091
625	69.091
626	69.091
627	69.091
628	68.7123
629	68.7123
630	68.7123
631	68.7123
632	68.7123
633	68.7123
634	68.7123
635	68.7123
636	68.7123
637	68.6722
638	68.2783
639	68.2783
640	68.2783
641	68.2783
642	68.2783
643	68.2783
644	68.2783
645	68.2707
646	68.2707
647	68.2707
648	68.2707
649	68.2707
650	68.2707
651	68.2707
652	68.2707
653	68.2707
654	68.2707
655	68.2707
656	68.2707
657	68.2707
658	68.2707
659	68.2707
660	68.2707
661	67.7724
662	67.7724
663	67.7724
664	67.7724
665	67.7724
666	67.7724
667	67.7724
668	67.7724
669	67.7724
670	67.7724
671	67.7724
672	67.7724
673	67.7724
674	67.7724
675	67.7724
676	67.7724
677	67.7724
678	67.7724
679	67.7724
680	67.7724
681	67.7724
682	67.7724
683	67.7724
684	67.7724
685	67.7724
686	67.7724
687	67.7724
688	67.7724
689	67.7724
690	67.7724
691	67.7724
692	67.7724
693	67.7724
694	67.7724
695	67.7724
696	67.7724
697	67.7724
698	67.7724
699	67.7724
700	67.7724
701	67.7724
702	67.7724
703	67.7724
704	67.7724
705	67.7724
706	67.7724
707	67.7724
708	67.7724
709	67.7724
710	67.7724
711	67.7724
712	67.7724
713	67.7724
714	67.7724
715	67.7724
716	67.7724
717	67.7724
718	67.7724
719	67.7724
720	67.7724
721	67.7724
722	67.7724
723	67.7724
724	67.7724
725	67.7724
726	67.7724
727	67.7724
728	67.7724
729	67.7724
730	67.7724
731	67.7724
732	67.7724
733	67.7724
734	67.7724
735	67.7724
736	67.7724
737	67.7724
738	67.5757
739	67.5757
740	67.5757
741	67.5757
742	67.5757
743	67.5757
744	67.5757
745	67.5757
746	67.5757
747	67.5757
748	67.5757
749	67.5757
750	67.5757
751	67.5757
752	67.5757
753	67.5153
754	67.5153
755	67.5153
756	67.5153
757	67.5153
758	67.5153
759	67.5153
760	67.5153
761	67.5153
762	67.5153
763	67.5153
764	67.5153
765	67.5153
766	67.5153
767	67.5153
768	67.5153
769	67.5153
770	67.5153
771	67.5153
772	67.5153
773	67.5153
774	67.5153
775	67.5153
776	67.5153
777	67.5153
778	67.5153
779	67.5153
780	67.5153
781	67.5153
782	67.5153
783	67.5153
784	67.5153
785	67.5153
786	67.5153
787	67.5153
788	67.5153
789	67.5153
790	67.5153
791	67.5153
792	67.5153
793	67.5153
794	67.5153
795	67.5153
796	67.5153
797	67.5153
798	67.5153
799	67.5153
800	67.5153
801	67.5153
802	67.5153
803	67.5153
804	67.3008
805	67.3008
806	67.3008
807	67.3008
808	67.3008
809	67.3008
810	66.9659
811	66.9659
812	66.9659
813	66.9659
814	66.9659
815	66.9659
816	66.9659
817	66.9659
818	66.9659
819	66.9659
820	66.9659
821	66.9659
822	66.9659
823	66.9659
824	66.9659
825	66.9659
826	66.9659
827	66.9659
828	66.9659
829	66.9659
830	66.9659
831	66.9659
832	66.9659
833	66.9659
834	66.9659
835	66.9659
836	66.9659
837	66.9659
838	66.9659
839	66.9659
840	66.879
841	66.879
842	66.879
843	66.879
844	66.879
845	66.879
846	66.879
847	66.879
848	66.879
849	66.879
850	66.879
851	66.879
852	66.879
853	66.879
854	66.879
855	66.879
856	66.859
857	66.859
858	66.859
859	66.859
860	66.859
861	66.859
862	66.859
863	66.859
864	66.859
865	66.859
866	66.859
867	66.859
868	66.859
869	66.859
870	66.859
871	66.859
872	66.859
873	66.859
874	66.859
875	66.859
876	66.859
877	66.859
878	66.859
879	66.859
880	66.859
881	66.859
882	66.859
883	66.859
884	66.859
885	66.859
886	66.859
887	66.859
888	66.859
889	66.859
890	66.859
891	66.859
892	66.859
893	66.859
894	66.859
895	66.859
896	66.859
897	66.859
898	66.859
899	66.859
900	66.859
901	66.859
902	66.859
903	66.859
904	66.859
905	66.859
906	66.859
907	66.859
908	66.859
909	66.859
910	66.859
911	66.859
912	66.859
913	66.859
914	66.859
915	66.859
916	66.859
917	66.859
918	66.859
919	66.859
920	66.859
921	66.859
922	66.859
923	66.859
924	66.859
925	66.859
926	66.859
927	66.859
928	66.859
929	66.859
930	66.859
931	66.859
932	66.859
933	66.859
934	66.859
935	66.859
936	66.859
937	66.859
938	66.859
939	66.859
940	66.859
941	66.859
942	66.859
943	66.859
944	66.859
945	66.859
946	66.859
947	66.859
948	66.859
949	66.859
950	66.859
951	66.859
952	66.859
953	66.859
954	66.859
955	66.859
956	66.859
957	66.859
958	66.859
959	66.859
960	66.859
961	66.859
962	66.859
963	66.859
964	66.859
965	66.859
966	66.859
967	66.859
968	66.859
969	66.859
970	66.859
971	66.859
972	66.859
973	66.859
974	66.859
975	66.859
976	66.859
977	66.859
978	66.859
979	66.859
980	66.859
981	66.859
982	66.859
983	66.859
984	66.859
985	66.859
986	66.859
987	66.859
988	66.859
989	66.859
990	66.859
991	66.859
992	66.859
993	66.859
994	66.859
995	66.859
996	66.859
997	66.859
998	66.859
999	66.859
1000	66.859
1001	66.859
1002	66.859
1003	66.859
1004	66.859
1005	66.859
1006	66.859
1007	66.859
1008	66.859
1009	66.859
1010	66.859
1011	66.859
1012	66.859
1013	66.859
1014	66.859
1015	66.859
1016	66.859
1017	66.859
1018	66.859
1019	66.859
1020	66.859
1021	66.859
1022	66.859
1023	66.859
1024	66.859
1025	66.859
1026	66.859
1027	66.859
1028	66.859
1029	66.859
1030	66.859
1031	66.859
1032	66.859
1033	66.859
1034	66.859
1035	66.859
1036	66.859
1037	66.859
1038	66.859
1039	66.859
1040	66.859
1041	66.859
1042	66.859
1043	66.859
1044	66.859
1045	66.859
1046	66.859
1047	66.859
1048	66.859
1049	66.859
1050	66.859
1051	66.859
1052	66.859
1053	66.859
1054	66.859
1055	66.859
1056	66.859
1057	66.859
1058	66.859
1059	66.859
1060	66.859
1061	66.859
1062	66.859
1063	66.859
1064	66.859
1065	66.859
1066	66.859
1067	66.859
1068	66.859
1069	66.859
1070	66.859
1071	66.859
1072	66.859
1073	66.859
1074	66.859
1075	66.859
1076	66.859
1077	66.859
1078	66.859
1079	66.859
1080	66.859
1081	66.859
1082	66.859
1083	66.859
1084	66.859
1085	66.859
1086	66.859
1087	66.859
1088	66.859
1089	66.859
1090	66.859
1091	66.859
1092	66.859
1093	66.859
1094	66.859
1095	66.859
1096	66.859
1097	66.859
1098	66.859
1099	66.859
1100	66.859
1101	66.859
1102	66.859
1103	66.859
1104	66.859
1105	66.859
1106	66.859
1107	66.859
1108	66.859
1109	66.859
1110	66.859
1111	66.859
1112	66.859
1113	66.859
1114	66.859
1115	66.859
1116	66.859
1117	66.859
1118	66.859
1119	66.859
1120	66.859
1121	66.859
1122	66.859
1123	66.859
1124	66.859
1125	66.859
1126	66.859
1127	66.859
1128	66.859
1129	66.859
1130	66.859
1131	66.859
1132	66.859
1133	66.859
1134	66.859
1135	66.859
1136	66.859
1137	66.859
1138	66.859
1139	66.859
1140	66.859
1141	66.859
1142	66.859
1143	66.859
1144	66.859
1145	66.859
1146	66.859
1147	66.859
1148	66.859
1149	66.859
1150	66.859
1151	66.859
1152	66.859
1153	66.859
1154	66.859
1155	66.859
1156	66.859
1157	66.859
1158	66.859
1159	66.859
1160	66.859
1161	66.859
1162	66.859
1163	66.859
1164	66.859
1165	66.859
1166	66.859
1167	66.859
1168	66.859
1169	66.859
1170	66.859
1171	66.859
1172	66.859
1173	66.859
1174	66.859
1175	66.859
1176	66.859
1177	66.859
1178	66.859
1179	66.859
1180	66.859
1181	66.859
1182	66.859
1183	66.859
1184	66.859
1185	66.859
1186	66.859
1187	66.859
1188	66.859
1189	66.859
1190	66.859
1191	66.859
1192	66.859
1193	66.859
1194	66.859
1195	66.859
1196	66.859
1197	66.859
1198	66.859
1199	66.859
1200	66.859
1201	66.859
1202	66.859
1203	66.859
1204	66.859
1205	66.859
1206	66.859
1207	66.859
1208	66.859
1209	66.859
1210	66.859
1211	66.859
1212	66.859
1213	66.859
1214	66.859
1215	66.859
1216	66.859
1217	66.859
1218	66.859
1219	66.859
1220	66.859
1221	66.859
1222	66.859
1223	66.859
1224	66.859
1225	66.859
1226	66.859
1227	66.859
1228	66.859
1229	66.859
1230	66.859
1231	66.859
1232	66.859
1233	66.859
1234	66.859
1235	66.859
1236	66.859
1237	66.859
1238	66.859
1239	66.859
1240	66.859
1241	66.859
1242	66.859
1243	66.859
1244	66.859
1245	66.859
1246	66.859
1247	66.859
1248	66.859
1249	66.859
1250	66.859
1251	66.859
1252	66.859
1253	66.859
1254	66.859
1255	66.859
1256	66.859
1257	66.859
1258	66.859
1259	66.859
1260	66.859
1261	66.859
1262	66.859
1263	66.859
1264	66.859
1265	66.859
1266	66.859
1267	66.859
1268	66.859
1269	66.859
1270	66.859
1271	66.859
1272	66.859
1273	66.859
1274	66.859
1275	66.859
1276	66.859
1277	66.859
1278	66.859
1279	66.859
1280	66.859
1281	66.859
1282	66.859
1283	66.859
1284	66.859
1285	66.859
1286	66.859
1287	66.859
1288	66.859
1289	66.859
1290	66.859
1291	66.859
1292	66.859
1293	66.859
1294	66.859
1295	66.859
1296	66.859
1297	66.859
1298	66.859
1299	66.859
1300	66.859
1301	66.859
1302	66.859
1303	66.859
1304	66.859
1305	66.859
1306	66.859
1307	66.859
1308	66.859
1309	66.859
1310	66.859
1311	66.859
1312	66.859
1313	66.859
1314	66.859
1315	66.859
1316	66.859
1317	66.859
1318	66.859
1319	66.859
1320	66.859
1321	66.859
1322	66.859
1323	66.859
1324	66.859
1325	66.859
1326	66.859
1327	66.859
1328	66.859
1329	66.859
1330	66.859
1331	66.859
1332	66.859
1333	66.859
1334	66.859
1335	66.859
1336	66.859
1337	66.859
1338	66.859
1339	66.859
1340	66.859
1341	66.859
1342	66.859
1343	66.859
1344	66.859
1345	66.859
1346	66.859
1347	66.859
1348	66.859
1349	66.859
1350	66.859
1351	66.859
1352	66.859
1353	66.859
1354	66.859
1355	66.859
1356	66.859
1357	66.859
1358	66.859
1359	66.859
1360	66.859
1361	66.859
1362	66.859
1363	66.859
1364	66.859
1365	66.859
1366	66.859
1367	66.859
1368	66.859
1369	66.859
1370	66.859
1371	66.859
1372	66.859
1373	66.5304
1374	66.5304
1375	66.5304
1376	66.5304
1377	66.5304
1378	66.5304
1379	66.5304
1380	66.5304
1381	66.5304
1382	66.5304
1383	66.5304
1384	66.5304
1385	66.5304
1386	66.5304
1387	66.5304
1388	66.5304
1389	66.5304
1390	66.5304
1391	66.5304
1392	66.5304
1393	66.5304
1394	66.5304
1395	66.5304
1396	66.5304
1397	66.5304
1398	66.5304
1399	66.5304
1400	66.5304
1401	66.5304
1402	66.5304
1403	66.5304
1404	66.5304
1405	66.5304
1406	66.5304
1407	66.5304
1408	66.5304
1409	66.5304
1410	66.5304
1411	66.5304
1412	66.5304
1413	66.5304
1414	66.5304
1415	66.5304
1416	66.5304
1417	66.5304
1418	66.5304
1419	66.5304
1420	66.5304
1421	66.5304
1422	66.5304
1423	66.5304
1424	66.5304
1425	66.5304
1426	66.5304
1427	66.5304
1428	66.5304
1429	66.5304
1430	66.5304
1431	66.5304
1432	66.5304
1433	66.5304
1434	66.5304
1435	66.5304
1436	66.5304
1437	66.5304
1438	66.5304
1439	66.5304
1440	66.5304
1441	66.5304
1442	66.5304
1443	66.5304
1444	66.5304
1445	66.5304
1446	66.5304
1447	66.5304
1448	66.5304
1449	66.5304
1450	66.5304
1451	66.5304
1452	66.5304
1453	66.5304
1454	66.5304
1455	66.5304
1456	66.5304
1457	66.5304
1458	66.5304
1459	66.5304
1460	66.5304
1461	66.5304
1462	66.5304
1463	66.5304
1464	66.5304
1465	66.5304
1466	66.5304
1467	66.5304
1468	66.5304
1469	66.5304
1470	66.5304
1471	66.5304
1472	66.5304
1473	66.5304
1474	66.5304
1475	66.5304
1476	66.5304
1477	66.5304
1478	66.5304
1479	66.5304
1480	66.5304
1481	66.5304
1482	66.5304
1483	66.5304
1484	66.5304
1485	66.5304
1486	66.5304
1487	66.5304
1488	66.5304
1489	66.5304
1490	66.5304
1491	66.5304
1492	66.5304
1493	66.5304
1494	66.5304
1495	66.5304
1496	66.5304
1497	66.5304
1498	66.5304
1499	66.5304
1500	66.5304
1501	66.5304
1502	66.5304
1503	66.5304
1504	66.5304
1505	66.5304
1506	66.5304
1507	66.5304
1508	66.5304
1509	66.5304
1510	66.5304
1511	66.5304
1512	66.5304
1513	66.5304
1514	66.5304
1515	66.5304
1516	66.5304
1517	66.5304
1518	66.5304
1519	66.5304
1520	66.5304
1521	66.5304
1522	66.5304
1523	66.5304
1524	66.5304
1525	66.5304
1526	66.5304
1527	66.5304
1528	66.5304
1529	66.5304
1530	66.5304
1531	66.5304
1532	66.5304
1533	66.5304
1534	66.5304
1535	66.5304
1536	66.5304
1537	66.5304
1538	66.5304
1539	66.5304
1540	66.5304
1541	66.5304
1542	66.5304
1543	66.5304
1544	66.5304
1545	66.5304
1546	66.5304
1547	66.5304
1548	66.5304
1549	66.5304
1550	66.5304
1551	66.5304
1552	66.5304
1553	66.5304
1554	66.5304
1555	66.5304
1556	66.5304
1557	66.5304
1558	66.5304
1559	66.5304
1560	66.5304
1561	66.5304
1562	66.5304
1563	66.5304
1564	66.5304
1565	66.5304
1566	66.5304
1567	66.5304
1568	66.5304
1569	66.5304
1570	66.5304
1571	66.5304
1572	66.5304
1573	66.5304
1574	66.5304
1575	66.5304
1576	66.5304
1577	66.5304
1578	66.5304
1579	66.5304
1580	66.5304
1581	66.5304
1582	66.5304
1583	66.5304
1584	66.5304
1585	66.5304
1586	66.5304
1587	66.5304
1588	66.5304
1589	66.5304
1590	66.5304
1591	66.5304
1592	66.5304
1593	66.5304
1594	66.5304
1595	66.5304
1596	66.5304
1597	66.5304
1598	66.5304
1599	66.5304
1600	66.5304
1601	66.5304
1602	66.5304
1603	66.5304
1604	66.5304
1605	66.5304
1606	66.5304
1607	66.5304
1608	66.5304
1609	66.5304
1610	66.5304
1611	66.5304
1612	66.5304
1613	66.5304
1614	66.5304
1615	66.5304
1616	66.5304
1617	66.5304
1618	66.5304
1619	66.5304
1620	66.5304
1621	66.5304
1622	66.5304
1623	66.5304
1624	66.5304
1625	66.5304
1626	66.5304
1627	66.5304
1628	66.5304
1629	66.5304
1630	66.5304
1631	66.5304
1632	66.5304
1633	66.5304
1634	66.5304
1635	66.5304
1636	66.5304
1637	66.5304
1638	66.5304
1639	66.5304
1640	66.5304
1641	66.5304
1642	66.5304
1643	66.5304
1644	66.5304
1645	66.5304
1646	66.5304
1647	66.5304
1648	66.5304
1649	66.5304
1650	66.5304
1651	66.5304
1652	66.5304
1653	66.5304
1654	66.5304
1655	66.5304
1656	66.5304
1657	66.5304
1658	66.5304
1659	66.5304
1660	66.5304
1661	66.5304
1662	66.5304
1663	66.5304
1664	66.5304
1665	66.5304
1666	66.5304
1667	66.5304
1668	66.5304
1669	66.5304
1670	66.5304
1671	66.5304
1672	66.5304
1673	66.5304
1674	66.5304
1675	66.5304
1676	66.5304
1677	66.5304
1678	66.5304
1679	66.5304
1680	66.5304
1681	66.5304
1682	66.5304
1683	66.5304
1684	66.5304
1685	66.5304
1686	66.5304
1687	66.5304
1688	66.5304
1689	66.5304
1690	66.5304
1691	66.5304
1692	66.5304
1693	66.5304
1694	66.5304
1695	66.5304
1696	66.5304
1697	66.5304
1698	66.5304
1699	66.5304
1700	66.5304
1701	66.5304
1702	66.5304
1703	66.5304
1704	66.5304
1705	66.5304
1706	66.5304
1707	66.5304
1708	66.5304
1709	66.5304
1710	66.5304
1711	66.5304
1712	66.5304
1713	66.5304
1714	66.5304
1715	66.5304
1716	66.5304
1717	66.5304
1718	66.5304
1719	66.5304
1720	66.5304
1721	66.5304
1722	66.5304
1723	66.5304
1724	66.5304
1725	66.5304
1726	66.5304
1727	66.5304
1728	66.5304
1729	66.5304
1730	66.5304
1731	66.5304
1732	66.5304
1733	66.5304
1734	66.5304
1735	66.5304
1736	66.5304
1737	66.5304
1738	66.5304
1739	66.5304
1740	66.5304
1741	66.5304
1742	66.5304
1743	66.5304
1744	66.5304
1745	66.5304
1746	66.5304
1747	66.5304
1748	66.5304
1749	66.5304
1750	66.5304
1751	66.5304
1752	66.5304
1753	66.5304
1754	66.5304
1755	66.5304
1756	66.5304
1757	66.5304
1758	66.5304
1759	66.5304
1760	66.5304
1761	66.5304
1762	66.5304
1763	66.5304
1764	66.5304
1765	66.5304
1766	66.5304
1767	66.5304
1768	66.5304
1769	66.5304
1770	66.5304
1771	66.5304
1772	66.5304
1773	66.5304
1774	66.5304
1775	66.5304
1776	66.5304
1777	66.5304
1778	66.5304
1779	66.5304
1780	66.5304
1781	66.5304
1782	66.5304
1783	66.5304
1784	66.5304
1785	66.5304
1786	66.5304
1787	66.5304
1788	66.5304
1789	66.5304
1790	66.5304
1791	66.5304
1792	66.5304
1793	66.5304
1794	66.5304
1795	66.5304
1796	66.5304
1797	66.5304
1798	66.5304
1799	66.5304
1800	66.5304
1801	66.5304
1802	66.5304
1803	66.5304
1804	66.5304
1805	66.5304
1806	66.5304
1807	66.5304
1808	66.5304
1809	66.5304
1810	66.5304
1811	66.5304
1812	66.5304
1813	66.5304
1814	66.5304
1815	66.5304
1816	66.5304
1817	66.5304
1818	66.5304
1819	66.5304
1820	66.5304
1821	66.5304
1822	66.5304
1823	66.5304
1824	66.5304
1825	66.5304
1826	66.5304
1827	66.5304
1828	66.5304
1829	66.5304
1830	66.5304
1831	66.5304
1832	66.5304
1833	66.5304
1834	66.5304
1835	66.5304
1836	66.5304
1837	66.5304
1838	66.5304
1839	66.5304
1840	66.5304
1841	66.5304
1842	66.5304
1843	66.5304
1844	66.5304
1845	66.5304
1846	66.5304
1847	66.5304
1848	66.5304
1849	66.5304
1850	66.5304
1851	66.5304
1852	66.5304
1853	66.5304
1854	66.5304
1855	66.5304
1856	66.5304
1857	66.5304
1858	66.5304
1859	66.5304
1860	66.5304
1861	66.5304
1862	66.5304
1863	66.5304
1864	66.5304
1865	66.5304
1866	66.5304
1867	66.5304
1868	66.5304
1869	66.5304
1870	66.5304
1871	66.5304
1872	66.5304
1873	66.5304
1874	66.5304
1875	66.5304
1876	66.5304
1877	66.5304
1878	66.5304
1879	66.5304
1880	66.5304
1881	66.5304
1882	66.5304
1883	66.5304
1884	66.5304
1885	66.5304
1886	66.5304
1887	66.5304
1888	66.5304
1889	66.5304
1890	66.5304
1891	66.5304
1892	66.5304
1893	66.5304
1894	66.5304
1895	66.5304
1896	66.5304
1897	66.5304
1898	66.5304
1899	66.5304
1900	66.5304
1901	66.5304
1902	66.5304
1903	66.5304
1904	66.5304
1905	66.5304
1906	66.5304
1907	66.5304
1908	66.5304
1909	66.5304
1910	66.5304
1911	66.5304
1912	66.5304
1913	66.5304
1914	66.5304
1915	66.5304
1916	66.5304
1917	66.5304
1918	66.5304
1919	66.5304
1920	66.5304
1921	66.5304
1922	66.5304
1923	66.5304
1924	66.5304
1925	66.5304
1926	66.5304
1927	66.5304
1928	66.5304
1929	66.5304
1930	66.5304
1931	66.5304
1932	66.5304
1933	66.5304
1934	66.5304
1935	66.5304
1936	66.5304
1937	66.5304
1938	66.5304
1939	66.5304
1940	66.5304
1941	66.5304
1942	66.5304
1943	66.5304
1944	66.5304
1945	66.5304
1946	66.5304
1947	66.5304
1948	66.5304
1949	66.5304
1950	66.5304
1951	66.5304
1952	66.5304
1953	66.5304
1954	66.5304
1955	66.5304
1956	66.5304
1957	66.5304
1958	66.5304
1959	66.5304
1960	66.5304
1961	66.5304
1962	66.5304
1963	66.5304
1964	66.5304
1965	66.5304
1966	66.5304
1967	66.5304
1968	66.5304
1969	66.5304
1970	66.5304
1971	66.5304
1972	66.5304
1973	66.5304
1974	66.5304
1975	66.5304
1976	66.5304
1977	66.5304
1978	66.5304
1979	66.5304
1980	66.5304
1981	66.5304
1982	66.5304
1983	66.5304
1984	66.5304
1985	66.5304
1986	66.5304
1987	66.5304
1988	66.5304
1989	66.5304
1990	66.5304
1991	66.5304
1992	66.5304
1993	66.5304
1994	66.5304
1995	66.5304
1996	66.5304
1997	66.5304
1998	66.5304
1999	66.5304
2000	66.5304
2001	66.5304
2002	66.5304
2003	66.5304
2004	66.5304
2005	66.5304
2006	66.5304
2007	66.5304
2008	66.5304
2009	66.5304
2010	66.5304
2011	66.5304
2012	66.5304
2013	66.5304
2014	66.5304
2015	66.5304
2016	66.5304
2017	66.5304
2018	66.5304
2019	66.5304
2020	66.5304
2021	66.5304
2022	66.5304
2023	66.5304
2024	66.5304
2025	66.5304
2026	66.5304
2027	66.5304
2028	66.5304
2029	66.5304
2030	66.5304
2031	66.5304
2032	66.5304
2033	66.5304
2034	66.5304
2035	66.5304
2036	66.5304
2037	66.5304
2038	66.5304
2039	66.5304
2040	66.5304
2041	66.5304
2042	66.5304
2043	66.5304
2044	66.5304
2045	66.5304
2046	66.5304
2047	66.5304
2048	66.5304
2049	66.5304
2050	66.5304
2051	66.5304
2052	66.5304
2053	66.5304
2054	66.5304
2055	66.5304
2056	66.5304
2057	66.5304
2058	66.5304
2059	66.5304
2060	66.5304
2061	66.5304
2062	66.5304
2063	66.5304
2064	66.5304
2065	66.5304
2066	66.5304
2067	66.5304
2068	66.5304
2069	66.5304
2070	66.5304
2071	66.5304
2072	66.5304
2073	66.5304
2074	66.5304
2075	66.5304
2076	66.5304
2077	66.5304
2078	66.5304
2079	66.5304
2080	66.5304
2081	66.5304
2082	66.5304
2083	66.5304
2084	66.5304
2085	66.5304
2086	66.5304
2087	66.5304
2088	66.5304
2089	66.5304
2090	66.5304
2091	66.5304
2092	66.5304
2093	66.5304
2094	66.5304
2095	66.5304
2096	66.5304
2097	66.5304
2098	66.5304
2099	66.5304
2100	66.5304
2101	66.5304
2102	66.5304
2103	66.5304
2104	66.5304
2105	66.5304
2106	66.5304
2107	66.5304
2108	66.5304
2109	66.5304
2110	66.4448
2111	66.4448
2112	66.4448
2113	66.4448
2114	66.4448
2115	66.4448
2116	66.4448
2117	66.4448
2118	66.4448
2119	66.4448
2120	66.4448
2121	66.4448
2122	66.4448
2123	66.4448
2124	66.4448
2125	66.4448
2126	66.4448
2127	66.4448
2128	66.4448
2129	66.4448
2130	66.4448
2131	66.4448
2132	66.4448
2133	66.4448
2134	66.4448
2135	66.4448
2136	66.4448
2137	66.4448
2138	66.4448
2139	66.4448
2140	66.4448
2141	66.4448
2142	66.4448
2143	66.4448
2144	66.4448
2145	66.4448
2146	66.4448
2147	66.4448
2148	66.4448
2149	66.4448
2150	66.4448
2151	66.4448
2152	66.4448
2153	66.4448
2154	66.4448
2155	66.4448
2156	66.4448
2157	66.4448
2158	66.4448
2159	66.4448
2160	66.4448
2161	66.4448
2162	66.4448
2163	66.4448
2164	66.4448
2165	66.4448
2166	66.4448
2167	66.4448
2168	66.4448
2169	66.4448
2170	66.4448
2171	66.4448
2172	66.4448
2173	66.4448
2174	66.4448
2175	66.4448
2176	66.4448
2177	66.4448
2178	66.4448
2179	66.4448
2180	66.4448
2181	66.4448
2182	66.4448
2183	66.4448
2184	66.4448
2185	66.4448
2186	66.4448
2187	66.4448
2188	66.4448
2189	66.4448
2190	66.4448
2191	66.4448
2192	66.4448
2193	66.4448
2194	66.4448
2195	66.4448
2196	66.4448
2197	66.4448
2198	66.4448
2199	66.4448
2200	66.4448
2201	66.4448
2202	66.4448
2203	66.4448
2204	66.4448
2205	66.4448
2206	66.4448
2207	66.4448
2208	66.4448
2209	66.4448
2210	66.4448
2211	66.4448
2212	66.4448
2213	66.4448
2214	66.4448
2215	66.4448
2216	66.4448
2217	66.4448
2218	66.4448
2219	66.4448
2220	66.4448
2221	66.4448
2222	66.4448
2223	66.4448
2224	66.4448
2225	66.4448
2226	66.4448
2227	66.4448
2228	66.4448
2229	66.4448
2230	66.4448
2231	66.4448
2232	66.4448
2233	66.4448
2234	66.4448
2235	66.4448
2236	66.4448
2237	66.4448
2238	66.4448
2239	66.4448
2240	66.4448
2241	66.4448
2242	66.4448
2243	66.4448
2244	66.4448
2245	66.4448
2246	66.4448
2247	66.4448
2248	66.4448
2249	66.4448
2250	66.4448
2251	66.4448
2252	66.4448
2253	66.4448
2254	66.4448
2255	66.4448
2256	66.4448
2257	66.4448
2258	66.4448
2259	66.4448
2260	66.4448
2261	66.4448
2262	66.4448
2263	66.4448
2264	66.4448
2265	66.4448
2266	66.4448
2267	66.4448
2268	66.4448
2269	66.4448
2270	66.4448
2271	66.4448
2272	66.4448
2273	66.4448
2274	66.4448
2275	66.4448
2276	66.4448
2277	66.4448
2278	66.4448
2279	66.4448
2280	66.4448
2281	66.4448
2282	66.4448
2283	66.4448
2284	66.4448
2285	66.4448
2286	66.4448
2287	66.4448
2288	66.4448
2289	66.4448
2290	66.4448
2291	66.4448
2292	66.4448
2293	66.4448
2294	66.4448
2295	66.4448
2296	66.4448
2297	66.4448
2298	66.4448
2299	66.4448
2300	66.4448
2301	66.4448
2302	66.4448
2303	66.4448
2304	66.4448
2305	66.4448
2306	66.4448
2307	66.4448
2308	66.4448
2309	66.4448
2310	66.4448
2311	66.4448
2312	66.4448
2313	66.4448
2314	66.4448
2315	66.4448
2316	66.4448
2317	66.4448
2318	66.4448
2319	66.4448
2320	66.4448
2321	66.4448
2322	66.4448
2323	66.4448
2324	66.4448
2325	66.4448
2326	66.4448
2327	66.4448
2328	66.4448
2329	66.4448
2330	66.4448
2331	66.4448
2332	66.4448
2333	66.4448
2334	66.4448
2335	66.4448
2336	66.4448
2337	66.4448
2338	66.4448
2339	66.4448
2340	66.4448
2341	66.4448
2342	66.4448
2343	66.4448
2344	66.4448
2345	66.4448
2346	66.4448
2347	66.4448
2348	66.4448
2349	66.4448
2350	66.4448
2351	66.4448
2352	66.4448
2353	66.4448
2354	66.4448
2355	66.4448
2356	66.4448
2357	66.4448
2358	66.4448
2359	66.4448
2360	66.4448
2361	66.4448
2362	66.4448
2363	66.4448
2364	66.4448
2365	66.4448
2366	66.4448
2367	66.4448
2368	66.4448
2369	66.4448
2370	66.4448
2371	66.4448
2372	66.4448
2373	66.4448
2374	66.4448
2375	66.4448
2376	66.4448
2377	66.4448
2378	66.4448
2379	66.4448
2380	66.4448
2381	66.4448
2382	66.4448
2383	66.4448
2384	66.4448
2385	66.4448
2386	66.4448
2387	66.4448
2388	66.4448
2389	66.4448
2390	66.4448
2391	66.4448
2392	66.4448
2393	66.4448
2394	66.4448
2395	66.4448
2396	66.4448
2397	66.4448
2398	66.4448
2399	66.4448
2400	66.4448
2401	66.4448
2402	66.4448
2403	66.4448
2404	66.4448
2405	66.4448
2406	66.4448
2407	66.4448
2408	66.4448
2409	66.4448
2410	66.4448
2411	66.4448
2412	66.4448
2413	66.4448
2414	66.4448
2415	66.4448
2416	66.4448
2417	66.4448
2418	66.4448
2419	66.4448
2420	66.4448
2421	66.4448
2422	66.4448
2423	66.4448
2424	66.4448
2425	66.4448
2426	66.4448
2427	66.4448
2428	66.4448
2429	66.4448
2430	66.4448
2431	66.4448
2432	66.4448
2433	66.4448
2434	66.4448
2435	66.4448
2436	66.4448
2437	66.4448
2438	66.4448
2439	66.4448
2440	66.4448
2441	66.4448
2442	66.4448
2443	66.4448
2444	66.4448
2445	66.4448
2446	66.4448
2447	66.4448
2448	66.4448
2449	66.4448
2450	66.4448
2451	66.4448
2452	66.4448
2453	66.4448
2454	66.4448
2455	66.4448
2456	66.4448
2457	66.4448
2458	66.4448
2459	66.4448
2460	66.4448
2461	66.4448
2462	66.4448
2463	66.4448
2464	66.4448
2465	66.4448
2466	66.4448
2467	66.4448
2468	66.4448
2469	66.4448
2470	66.4448
2471	66.4448
2472	66.4448
2473	66.4448
2474	66.4448
2475	66.4448
2476	66.4448
2477	66.4448
2478	66.4448
2479	66.4448
2480	66.4448
2481	66.4448
2482	66.4448
2483	66.4448
2484	66.4448
2485	66.4448
2486	66.4448
2487	66.4448
2488	66.4448
2489	66.4448
2490	66.4448
2491	66.4448
2492	66.4448
2493	66.4448
2494	66.4448
2495	66.4448
2496	66.4448
2497	66.4448
2498	66.4448
2499	66.4448
2500	66.4448
