Gen:	<L_2>
0	510.203
1	454.949
2	415.092
3	384.078
4	368.904
5	358.518
6	348.367
7	335.88
8	323.649
9	314.856
10	306.741
11	297.774
12	290.113
13	281.795
14	274.692
15	269.218
16	262.928
17	256.836
18	250.162
19	242.937
20	236.649
21	231.811
22	227.988
23	223.516
24	219.262
25	216.345
26	212.917
27	208.391
28	203.671
29	199.704
30	194.474
31	190.978
32	188.828
33	187.075
34	184.933
35	183.094
36	180.462
37	178.021
38	175.514
39	172.63
40	169.964
41	168.028
42	165.848
43	163.545
44	160.969
45	157.9
46	155.674
47	154.06
48	151.997
49	150.537
50	149.439
51	148.301
52	146.827
53	144.36
54	142.191
55	140.223
56	137.993
57	137.076
58	136.734
59	136.109
60	135.048
61	133.423
62	132.461
63	131.091
64	129.782
65	128.549
66	127.566
67	127.278
68	127.47
69	127.267
70	126.541
71	124.656
72	123.762
73	122.888
74	122.668
75	122.617
76	121.797
77	119.329
78	117.331
79	115.676
80	114.92
81	113.992
82	113.623
83	113.053
84	112.301
85	111.477
86	110.912
87	111.459
88	112.253
89	111.143
90	109.271
91	107.944
92	107.247
93	106.943
94	106.328
95	105.466
96	104.683
97	103.667
98	103.024
99	102.718
100	102.078
101	101.079
102	99.8789
103	99.3865
104	99.3354
105	99.3507
106	98.322
107	97.781
108	97.3463
109	96.7965
110	96.292
111	95.4876
112	94.3106
113	93.8008
114	93.5494
115	93.2022
116	92.7743
117	92.1563
118	91.3314
119	91.0267
120	90.1121
121	89.6687
122	89.388
123	88.8842
124	88.8984
125	88.8129
126	89.2654
127	89.4709
128	88.7774
129	87.5828
130	85.3659
131	84.2836
132	83.678
133	83.4737
134	83.168
135	82.764
136	82.5183
137	82.1922
138	82.2398
139	81.8414
140	81.0966
141	80.7604
142	80.0857
143	79.8589
144	79.5287
145	79.0869
146	78.8126
147	78.2294
148	77.7074
149	77.9182
150	77.4695
151	76.5397
152	76.0979
153	75.9174
154	76.2685
155	75.9407
156	75.5343
157	75.4668
158	75.6258
159	75.6113
160	75.5716
161	75.2109
162	75.3538
163	75.1651
164	75.1029
165	74.7327
166	74.6343
167	74.4733
168	74.2772
169	74.1308
170	73.9902
171	73.4715
172	73.0856
173	73.0124
174	72.8323
175	72.7019
176	73.0427
177	72.8471
178	72.8589
179	73.0184
180	72.7973
181	72.8301
182	73.0501
183	72.9631
184	72.9462
185	72.5744
186	72.8063
187	72.9416
188	72.8389
189	72.9159
190	72.5823
191	72.6699
192	72.8432
193	73.2187
194	72.9366
195	73.0405
196	72.6945
197	72.7845
198	72.7431
199	72.4964
200	72.4457
201	72.6085
202	72.5134
203	72.5003
204	72.7188
205	72.5946
206	72.5476
207	72.7671
208	72.6592
209	71.9576
210	71.704
211	71.4421
212	71.3592
213	71.411
214	71.7768
215	71.3662
216	71.2449
217	71.5007
218	71.6172
219	71.7243
220	71.7059
221	71.6053
222	71.5545
223	71.287
224	71.2078
225	71.3197
226	71.1461
227	70.9291
228	70.8423
229	70.9764
230	70.9615
231	71.0197
232	70.885
233	71.0367
234	71.0247
235	71.1315
236	71.1589
237	71.1327
238	71.0336
239	71.0113
240	70.9779
241	71.1401
242	71.1123
243	71.1371
244	70.921
245	71.0741
246	71.1467
247	70.9722
248	70.9483
249	70.8942
250	71.0255
251	71.0776
252	71.1819
253	71.0016
254	71.1097
255	71.3543
256	71.1713
257	70.8909
258	70.9336
259	71.0068
260	71.4097
261	71.1466
262	71.0203
263	71.4687
264	70.9512
265	71.1279
266	70.785
267	70.8383
268	70.5753
269	70.4303
270	70.0259
271	69.9086
272	69.9921
273	69.7263
274	69.5496
275	69.6366
276	69.6489
277	69.7955
278	69.6114
279	69.6757
280	69.8685
281	69.5628
282	69.3955
283	69.0413
284	68.9779
285	69.0622
286	68.9801
287	68.9185
288	68.8925
289	69.0225
290	68.9147
291	69.1336
292	69.1406
293	68.9846
294	68.8515
295	68.9388
296	68.6324
297	68.6181
298	68.5952
299	68.5029
300	68.5522
301	68.5806
302	68.3882
303	68.5249
304	68.6331
305	68.5315
306	68.4016
307	68.2707
308	68.3283
309	68.6012
310	68.5923
311	68.7173
312	68.2772
313	68.2143
314	68.3071
315	68.1952
316	68.2959
317	68.3083
318	68.5449
319	68.4484
320	68.2641
321	68.2278
322	68.3166
323	68.4916
324	68.3003
325	68.2372
326	68.4355
327	68.5237
328	68.2911
329	68.1709
330	68.2247
331	68.2473
332	68.0181
333	68.2335
334	68.1422
335	68.1945
336	68.0635
337	68.2364
338	68.4098
339	68.2835
340	68.0992
341	68.369
342	68.1522
343	68.1108
344	68.1696
345	68.2087
346	68.2179
347	68.0083
348	68.1076
349	68.1541
350	68.4467
351	68.2389
352	68.0993
353	68.2249
354	68.0978
355	68.2115
356	68.0261
357	68.1404
358	68.461
359	68.3216
360	68.2705
361	68.2418
362	67.9629
363	68.008
364	68.2898
365	68.1019
366	68.7077
367	68.2556
368	68.2818
369	68.244
370	68.1058
371	68.0071
372	68.1134
373	68.1434
374	68.0837
375	67.9222
376	68.1174
377	68.192
378	68.1168
379	68.1293
380	67.9492
381	68.0485
382	69.4824
383	71.0933
384	70.0554
385	69.5634
386	68.7664
387	68.4253
388	68.2522
389	68.3019
390	67.9586
391	67.8738
392	67.9458
393	68.1947
394	68.2431
395	68.2635
396	68.357
397	67.8672
398	67.944
399	67.9338
400	68.1454
401	68.3715
402	68.2066
403	68.0786
404	68.0547
405	68.2139
406	68.3507
407	68.1627
408	68.0862
409	68.2541
410	68.2774
411	67.9255
412	68.0897
413	68.3344
414	67.9565
415	68.1203
416	68.1428
417	68.3309
418	68.1823
419	68.2521
420	68.1785
421	68.2578
422	68.3415
423	68.1413
424	68.0474
425	68.032
426	68.0219
427	67.9469
428	67.9782
429	67.9617
430	67.9203
431	68.1072
432	67.9218
433	67.9984
434	68.1546
435	68.3008
436	68.0974
437	68.0495
438	68.3674
439	68.3138
440	68.1818
441	68.1495
442	68.119
443	68.0597
444	67.9744
445	68.1892
446	68.245
447	68.3358
448	68.1403
449	68.1763
450	68.1281
451	68.1612
452	67.9571
453	68.3166
454	68.0328
455	68.0897
456	67.9897
457	67.6622
458	68.1045
459	68.1966
460	68.0958
461	68.0693
462	68.1138
463	67.9912
464	68.3494
465	68.2347
466	68.1279
467	68.1146
468	68.0629
469	68.1494
470	67.913
471	68.0721
472	68.0033
473	68.3267
474	68.5066
475	68.5348
476	68.3872
477	68.3592
478	68.2036
479	68.0424
480	68.2395
481	68.3152
482	68.3117
483	68.3982
484	68.0758
485	68.1269
486	68.0571
487	68.1883
488	68.31
489	67.9274
490	67.973
491	67.9712
492	67.9515
493	67.89
494	68.2027
495	68.2155
496	68.2596
497	68.4448
498	68.2047
499	68.2835
500	68.2049
501	68.2095
502	68.4795
503	68.5681
504	68.2063
505	68.4617
506	68.0634
507	67.9499
508	68.0663
509	68.2512
510	68.2552
511	68.1699
512	68.1863
513	68.3413
514	68.0899
515	67.9884
516	67.9444
517	68.248
518	68.0778
519	68.2119
520	68.4271
521	68.0581
522	68.2524
523	68.3202
524	68.2418
525	68.0514
526	68.4028
527	68.0928
528	68.0405
529	68.3564
530	68.267
531	68.0318
532	68.3098
533	68.1597
534	68.2376
535	68.0325
536	68.1186
537	68.1264
538	67.8854
539	68.0847
540	68.0106
541	68.0507
542	68.0474
543	68.2748
544	68.1277
545	68.0416
546	68.2157
547	68.2234
548	68.3928
549	68.2447
550	68.431
551	68.1438
552	68.1612
553	68.1079
554	68.044
555	67.9578
556	68.1894
557	68.3016
558	68.1963
559	68.2352
560	67.9974
561	68.0448
562	67.9434
563	67.8533
564	67.9412
565	68.2779
566	68.3743
567	68.2671
568	68.4743
569	68.1257
570	68.1948
571	68.1018
572	68.0369
573	68.2844
574	68.0787
575	68.0718
576	68.1196
577	67.9957
578	68.4839
579	68.1066
580	68.0374
581	68.1575
582	68.0754
583	68.2231
584	68.1364
585	68.3001
586	67.9999
587	68.2845
588	68.2422
589	68.2172
590	68.233
591	68.276
592	68.2623
593	68.1521
594	68.2672
595	68.1889
596	68.4695
597	68.1849
598	68.1909
599	68.1783
600	68.158
601	68.5556
602	68.215
603	67.9795
604	68.1866
605	68.1221
606	68.1349
607	68.3848
608	68.214
609	67.9691
610	68.047
611	68.3818
612	68.2503
613	68.2603
614	67.9538
615	68.1108
616	68.2773
617	68.3154
618	68.3647
619	68.1705
620	68.5131
621	68.4288
622	68.126
623	68.3315
624	68.158
625	67.8837
626	67.9875
627	68.0633
628	68.5056
629	67.932
630	67.8734
631	68.2245
632	68.2078
633	68.3133
634	68.3941
635	68.1958
636	68.0649
637	67.8888
638	67.8958
639	67.9671
640	68.4802
641	68.1435
642	67.9954
643	67.9668
644	68.1818
645	68.2438
646	68.0949
647	68.1211
648	68.0879
649	68.2263
650	68.2301
651	68.1774
652	68.1804
653	68.0408
654	68.1441
655	68.0881
656	68.4405
657	68.3154
658	67.9937
659	68.0336
660	68.1265
661	68.1827
662	68.2906
663	68.2228
664	68.0116
665	68.2634
666	68.3253
667	68.1318
668	68.09
669	68.2385
670	67.9761
671	67.8315
672	68.1205
673	67.7987
674	67.9476
675	68.019
676	67.8213
677	67.9739
678	68.0724
679	68.1811
680	68.4221
681	68.1414
682	68.1519
683	68.2411
684	68.1554
685	68.046
686	68.1914
687	68.2933
688	68.2784
689	68.2369
690	67.9318
691	67.9911
692	68.0715
693	68.5122
694	67.9349
695	68.2229
696	68.3316
697	68.0613
698	68.0805
699	68.1029
700	68.3339
701	68.3451
702	68.5401
703	68.3462
704	68.3264
705	68.2187
706	68.1689
707	68.1639
708	68.0554
709	67.9234
710	68.3653
711	68.4424
712	67.9521
713	67.9927
714	68.1736
715	68.1084
716	68.0849
717	68.0096
718	68.348
719	68.1722
720	68.1113
721	68.3821
722	68.2316
723	68.1886
724	68.0466
725	68.507
726	68.0875
727	68.0505
728	67.7342
729	68.074
730	68.0671
731	68.0495
732	68.0397
733	68.3744
734	67.959
735	68.4442
736	68.2084
737	68.033
738	67.9498
739	67.9123
740	68.4719
741	67.9442
742	68.1484
743	68.4025
744	68.1325
745	68.1384
746	68.2393
747	68.1778
748	68.1247
749	68.3552
750	68.3944
751	67.8526
752	67.8371
753	67.9074
754	68.0041
755	68.3926
756	68.4458
757	68.3881
758	68.3416
759	68.3492
760	68.1472
761	68.3101
762	68.3413
763	68.4195
764	68.1302
765	68.2713
766	68.0767
767	68.1437
768	68.4524
769	68.2481
770	68.2577
771	68.1912
772	68.1688
773	68.5361
774	68.2516
775	68.1924
776	68.365
777	68.12
778	68.2195
779	68.2973
780	68.0196
781	68.1016
782	68.3702
783	67.9928
784	68.2404
785	68.0728
786	68.3799
787	68.2143
788	68.3291
789	68.0677
790	67.9491
791	68.0201
792	67.9157
793	68.0887
794	68.0478
795	68.0871
796	67.9732
797	68.3374
798	68.0775
799	68.1652
800	68.2702
801	68.2741
802	68.0853
803	68.0525
804	67.9125
805	67.8543
806	68.1153
807	67.9331
808	67.9826
809	67.7716
810	68.0535
811	68.012
812	68.2863
813	68.0681
814	67.8522
815	67.864
816	68.0902
817	67.9771
818	68.0429
819	67.7647
820	67.8755
821	67.8913
822	68.1737
823	67.9985
824	67.969
825	67.7865
826	67.5507
827	67.8471
828	67.8109
829	67.7505
830	67.8927
831	67.9557
832	68.0445
833	67.9051
834	67.8466
835	68.0546
836	67.893
837	68.0169
838	68.265
839	68.2673
840	67.8324
841	67.9505
842	67.7393
843	67.7916
844	68.1179
845	68.0393
846	68.1675
847	68.0124
848	67.7386
849	68.1833
850	68.1563
851	68.1114
852	67.9141
853	68.0648
854	68.1028
855	68.2554
856	67.8824
857	67.8419
858	67.7416
859	67.6477
860	67.8468
861	67.9351
862	67.9607
863	67.7884
864	67.873
865	67.9685
866	67.893
867	68.0301
868	67.9203
869	68.0508
870	68.1751
871	68.0636
872	68.0067
873	67.988
874	68.0861
875	67.9688
876	67.9713
877	67.8391
878	67.9298
879	67.9587
880	68.0117
881	68.0831
882	67.8502
883	68.0563
884	68.1865
885	68.1417
886	67.9992
887	67.9692
888	67.6722
889	67.6744
890	67.8552
891	68.0853
892	68.2226
893	67.7568
894	68.2155
895	67.9394
896	68.1481
897	68.0112
898	67.937
899	67.9686
900	68.1908
901	68.0665
902	67.9693
903	67.7653
904	67.7683
905	67.8868
906	67.7978
907	67.9418
908	68.0471
909	67.9509
910	68.1244
911	68.1236
912	67.8692
913	67.931
914	68.1293
915	68.0705
916	68.2412
917	68.0791
918	68.0959
919	67.8712
920	68.1125
921	67.9703
922	67.8306
923	67.77
924	67.712
925	68.261
926	67.9247
927	67.9833
928	67.8218
929	67.9759
930	67.897
931	67.7283
932	67.7035
933	67.7597
934	68.2293
935	68.0583
936	67.8522
937	67.6839
938	67.8413
939	67.9193
940	67.8389
941	68.2787
942	68.4132
943	68.1553
944	68.1502
945	68.0742
946	67.5905
947	67.849
948	68.2092
949	68.0318
950	68.2449
951	68.2154
952	68.0062
953	67.9542
954	68.0577
955	67.9046
956	67.8962
957	68.0076
958	67.9976
959	67.7915
960	67.7999
961	67.9958
962	67.7593
963	67.792
964	68.3021
965	68.0023
966	67.9506
967	67.9246
968	67.8696
969	67.8104
970	68.0606
971	68.0491
972	67.7523
973	68.0467
974	68.1382
975	68.29
976	68.252
977	68.1284
978	67.9327
979	67.8374
980	67.8769
981	67.8762
982	67.9768
983	67.8744
984	68.0807
985	68.0593
986	68.0293
987	68.0408
988	68.0584
989	67.8353
990	68.1358
991	68.1325
992	68.1172
993	68.0002
994	67.8388
995	68.0644
996	68.2079
997	68.0144
998	67.7467
999	67.9432
1000	67.9495
1001	68.008
1002	67.9735
1003	67.951
1004	67.752
1005	67.8155
1006	67.923
1007	67.7834
1008	67.7923
1009	68.1496
1010	68.0757
1011	67.6924
1012	67.8081
1013	67.7983
1014	68.2778
1015	68.0454
1016	67.9878
1017	67.841
1018	68.1041
1019	67.9556
1020	68.1546
1021	67.961
1022	68.2274
1023	68.3064
1024	67.8059
1025	68.2007
1026	67.9168
1027	68.1005
1028	67.9955
1029	67.9232
1030	68.0506
1031	68.053
1032	67.7973
1033	68.0064
1034	67.9744
1035	67.8092
1036	67.8823
1037	68.0597
1038	67.9638
1039	67.9852
1040	68.0069
1041	67.9805
1042	67.8864
1043	67.7599
1044	67.8935
1045	68.1636
1046	68.1958
1047	68.2555
1048	68.0475
1049	68.008
1050	68.009
1051	67.712
1052	68.0105
1053	67.9579
1054	68.0637
1055	68.0124
1056	67.9734
1057	68.249
1058	67.8846
1059	67.8543
1060	67.8068
1061	67.7934
1062	67.9017
1063	67.7724
1064	67.7999
1065	67.792
1066	67.8403
1067	68.0893
1068	68.091
1069	67.7748
1070	67.8524
1071	68.2861
1072	68.1182
1073	67.6925
1074	68.0324
1075	67.9825
1076	67.7634
1077	67.714
1078	67.727
1079	67.6874
1080	67.9222
1081	67.7531
1082	67.6563
1083	67.8222
1084	68.1165
1085	67.823
1086	67.9453
1087	67.865
1088	67.9404
1089	67.9221
1090	68.1716
1091	68.0013
1092	67.9649
1093	68.0936
1094	67.7675
1095	67.7377
1096	67.6295
1097	68.0736
1098	68.172
1099	67.7837
1100	67.9471
1101	67.9921
1102	68.0732
1103	68.0369
1104	68.087
1105	68.1206
1106	67.9968
1107	68.1156
1108	67.7307
1109	67.8509
1110	67.8872
1111	67.8521
1112	68.0185
1113	67.8523
1114	67.9994
1115	67.9037
1116	68.1549
1117	67.9708
1118	68.125
1119	67.9235
1120	67.9533
1121	67.9
1122	67.9328
1123	67.8041
1124	67.7934
1125	67.5709
1126	68.0228
1127	67.8298
1128	67.7954
1129	67.509
1130	67.6409
1131	67.5763
1132	67.706
1133	67.8354
1134	67.8234
1135	67.6376
1136	67.6407
1137	67.4932
1138	67.8044
1139	67.5823
1140	67.6748
1141	67.6132
1142	67.6042
1143	67.6317
1144	67.7035
1145	67.8988
1146	67.7043
1147	67.4648
1148	67.5638
1149	67.7839
1150	67.5494
1151	67.9489
1152	67.9423
1153	67.6176
1154	67.7105
1155	67.9342
1156	67.5177
1157	67.6243
1158	67.5241
1159	67.7538
1160	67.8845
1161	67.7901
1162	68.0967
1163	67.6971
1164	67.4892
1165	67.6387
1166	67.5515
1167	67.8238
1168	67.7056
1169	67.7156
1170	67.8334
1171	67.6048
1172	67.9543
1173	67.8784
1174	67.6984
1175	67.9245
1176	67.9429
1177	67.7882
1178	67.6366
1179	67.5873
1180	67.77
1181	67.7418
1182	67.7769
1183	67.9771
1184	67.7392
1185	67.5669
1186	67.8894
1187	67.8217
1188	67.8054
1189	68.1974
1190	67.48
1191	67.4731
1192	67.6364
1193	67.846
1194	67.9538
1195	67.9567
1196	68.028
1197	67.5872
1198	67.6587
1199	67.9035
1200	67.6876
1201	67.5968
1202	67.7198
1203	68.2325
1204	67.9878
1205	68.0581
1206	67.9085
1207	67.4887
1208	67.5119
1209	67.7623
1210	67.6545
1211	67.9762
1212	67.7322
1213	67.8599
1214	67.4784
1215	67.6134
1216	67.4785
1217	67.6834
1218	67.5336
1219	67.735
1220	68.2138
1221	68.2684
1222	68.1735
1223	67.9884
1224	67.9186
1225	67.5628
1226	67.6897
1227	67.5322
1228	67.7016
1229	67.5867
1230	67.7823
1231	67.6481
1232	67.7374
1233	67.9011
1234	67.8134
1235	67.9654
1236	67.7613
1237	67.7961
1238	67.5899
1239	67.7846
1240	67.5851
1241	67.7647
1242	67.8851
1243	67.8401
1244	67.783
1245	67.6754
1246	67.7418
1247	68.0403
1248	67.8047
1249	67.9947
1250	68.1429
1251	67.7514
1252	67.8188
1253	67.5949
1254	67.8013
1255	67.776
1256	67.54
1257	67.5286
1258	67.9241
1259	67.6442
1260	67.655
1261	67.5828
1262	67.9162
1263	67.9466
1264	67.8432
1265	67.704
1266	67.739
1267	67.6718
1268	67.5206
1269	67.5431
1270	67.9221
1271	67.6957
1272	67.7639
1273	67.7332
1274	67.7564
1275	67.6698
1276	67.4957
1277	67.4441
1278	67.8036
1279	67.527
1280	67.4875
1281	67.7512
1282	67.816
1283	67.923
1284	67.6854
1285	67.6367
1286	67.7607
1287	67.7473
1288	67.6354
1289	67.992
1290	67.9787
1291	68.0196
1292	68.1244
1293	67.8215
1294	68.0017
1295	67.8637
1296	67.6309
1297	67.7492
1298	67.5854
1299	67.6543
1300	67.5609
1301	67.5649
1302	67.6974
1303	67.7085
1304	67.6387
1305	67.4556
1306	67.7838
1307	67.9418
1308	67.7124
1309	67.4736
1310	67.5832
1311	67.6256
1312	67.424
1313	67.4712
1314	67.4053
1315	67.5184
1316	67.8604
1317	67.7133
1318	67.7456
1319	68.0393
1320	67.694
1321	67.7388
1322	67.5213
1323	67.5702
1324	67.8589
1325	67.7141
1326	67.8352
1327	67.6825
1328	67.7053
1329	67.6085
1330	67.7517
1331	67.8169
1332	67.8903
1333	67.5863
1334	67.5384
1335	67.394
1336	67.5397
1337	67.7255
1338	67.9117
1339	67.6433
1340	67.7679
1341	67.942
1342	67.8481
1343	67.856
1344	67.9665
1345	67.7412
1346	67.8441
1347	67.8835
1348	67.681
1349	67.9161
1350	67.7002
1351	67.7083
1352	67.7757
1353	67.9253
1354	67.7617
1355	67.7201
1356	67.6288
1357	67.612
1358	67.7889
1359	67.6479
1360	67.6151
1361	67.6577
1362	67.658
1363	67.8466
1364	67.554
1365	67.932
1366	67.7797
1367	67.8157
1368	67.9076
1369	67.3422
1370	67.5803
1371	67.51
1372	67.5169
1373	67.4494
1374	67.6042
1375	67.6543
1376	67.8114
1377	67.5359
1378	67.5222
1379	67.846
1380	67.5355
1381	67.6614
1382	67.5053
1383	67.528
1384	67.7012
1385	67.5193
1386	67.7137
1387	67.8114
1388	67.7446
1389	67.546
1390	67.6511
1391	67.5073
1392	67.6734
1393	67.7558
1394	67.7214
1395	67.8064
1396	67.8271
1397	67.9666
1398	67.831
1399	67.7648
1400	67.8875
1401	68.0017
1402	67.998
1403	67.571
1404	67.8235
1405	67.7346
1406	67.7198
1407	67.684
1408	67.9884
1409	67.6064
1410	67.6426
1411	67.3955
1412	67.4938
1413	67.4013
1414	67.421
1415	67.7324
1416	67.6622
1417	67.45
1418	67.7507
1419	67.8016
1420	67.8663
1421	67.9475
1422	67.4976
1423	67.7421
1424	67.7735
1425	67.5894
1426	67.9339
1427	67.9002
1428	67.9958
1429	67.8403
1430	67.5855
1431	67.6092
1432	67.8094
1433	67.7906
1434	67.7025
1435	67.8942
1436	67.9176
1437	67.7898
1438	67.8619
1439	68.0577
1440	67.5606
1441	67.5977
1442	67.6056
1443	67.4953
1444	67.7465
1445	67.4591
1446	67.6147
1447	67.6201
1448	67.767
1449	67.607
1450	67.4549
1451	67.54
1452	67.7945
1453	67.8368
1454	67.6768
1455	67.6513
1456	67.4867
1457	67.6582
1458	67.7187
1459	67.5269
1460	67.6782
1461	67.8821
1462	67.9067
1463	67.5049
1464	67.6267
1465	67.5593
1466	67.9239
1467	67.7642
1468	67.5452
1469	67.5422
1470	67.5794
1471	67.6819
1472	67.6467
1473	67.4847
1474	67.684
1475	67.8097
1476	67.698
1477	67.7072
1478	67.7913
1479	67.694
1480	67.9123
1481	67.8854
1482	67.6082
1483	67.4842
1484	67.5853
1485	67.4792
1486	67.6589
1487	67.7463
1488	67.4929
1489	67.5604
1490	67.6621
1491	67.9147
1492	67.8629
1493	67.676
1494	67.5667
1495	67.481
1496	67.8182
1497	67.9337
1498	67.9119
1499	67.5185
1500	67.652
1501	67.754
1502	67.6927
1503	67.8774
1504	67.7509
1505	67.499
1506	67.8522
1507	67.6083
1508	67.6617
1509	67.7253
1510	67.8578
1511	67.642
1512	67.6219
1513	67.5771
1514	67.9033
1515	68.079
1516	67.6921
1517	67.8161
1518	67.96
1519	67.7415
1520	67.4771
1521	67.4533
1522	67.5781
1523	67.5093
1524	67.8043
1525	67.4386
1526	67.49
1527	67.6655
1528	67.5015
1529	67.803
1530	67.5936
1531	67.7412
1532	67.5403
1533	67.4499
1534	67.5023
1535	67.6669
1536	67.6713
1537	68.0338
1538	67.6882
1539	67.4667
1540	67.7417
1541	67.7823
1542	68.1541
1543	67.883
1544	67.8224
1545	67.7622
1546	67.5823
1547	67.5278
1548	67.4997
1549	67.56
1550	67.5548
1551	67.5771
1552	67.5118
1553	67.6766
1554	67.6482
1555	67.7277
1556	68.0179
1557	67.7949
1558	67.6983
1559	67.9368
1560	67.5118
1561	67.7022
1562	67.7023
1563	67.7416
1564	68.033
1565	67.5503
1566	67.4532
1567	67.6071
1568	67.6946
1569	67.7191
1570	67.8848
1571	67.4355
1572	67.309
1573	67.4127
1574	67.5591
1575	67.995
1576	67.7176
1577	67.9473
1578	67.7531
1579	67.9721
1580	67.8784
1581	67.6423
1582	67.6016
1583	67.7161
1584	67.683
1585	67.663
1586	67.5425
1587	67.7401
1588	67.8642
1589	67.5119
1590	67.5403
1591	67.714
1592	67.7385
1593	67.7649
1594	67.9657
1595	68.0157
1596	67.7409
1597	67.6566
1598	67.6266
1599	67.8905
1600	67.7581
1601	67.6514
1602	67.8826
1603	67.5858
1604	67.6062
1605	67.6845
1606	67.731
1607	67.6903
1608	67.8503
1609	67.8327
1610	67.8415
1611	67.679
1612	67.7517
1613	67.5421
1614	67.3678
1615	67.5037
1616	67.5667
1617	67.7109
1618	67.5157
1619	67.5648
1620	67.8942
1621	67.8988
1622	67.6893
1623	67.9117
1624	67.9604
1625	67.6182
1626	67.4506
1627	68.0131
1628	67.8127
1629	67.7164
1630	67.7782
1631	67.7452
1632	67.498
1633	67.811
1634	67.9487
1635	67.8376
1636	68.0391
1637	67.6821
1638	67.7288
1639	67.611
1640	67.8359
1641	67.8729
1642	67.9895
1643	67.5097
1644	67.5844
1645	67.8556
1646	67.6791
1647	67.6466
1648	67.7242
1649	67.7032
1650	67.5364
1651	67.4336
1652	67.6952
1653	67.6502
1654	67.9547
1655	68.186
1656	67.6023
1657	67.5981
1658	67.8094
1659	67.6564
1660	67.6849
1661	67.832
1662	67.536
1663	67.6497
1664	67.8973
1665	67.743
1666	67.845
1667	67.8026
1668	67.6448
1669	67.6705
1670	67.7116
1671	68.1589
1672	67.7736
1673	67.6468
1674	67.3701
1675	67.5891
1676	67.8276
1677	67.4535
1678	67.3645
1679	67.562
1680	67.8701
1681	67.9479
1682	67.8758
1683	67.6724
1684	67.7614
1685	67.8653
1686	67.809
1687	67.9445
1688	67.9499
1689	68.0166
1690	67.7991
1691	67.654
1692	67.9097
1693	67.6871
1694	67.4263
1695	67.3648
1696	67.1437
1697	67.5457
1698	67.6072
1699	67.4086
1700	67.5331
1701	67.3195
1702	67.3664
1703	67.3176
1704	67.1481
1705	67.2766
1706	67.4789
1707	67.5138
1708	67.4372
1709	67.3558
1710	67.1062
1711	67.2818
1712	67.5598
1713	67.8471
1714	67.7456
1715	67.492
1716	67.5546
1717	67.6621
1718	67.4329
1719	67.2208
1720	67.3087
1721	67.1803
1722	67.5847
1723	67.268
1724	67.2735
1725	67.4042
1726	67.4291
1727	67.496
1728	67.3938
1729	67.3624
1730	67.3016
1731	67.1899
1732	67.3186
1733	67.2725
1734	67.6309
1735	67.3757
1736	67.2339
1737	67.1251
1738	67.136
1739	67.333
1740	67.3073
1741	67.4879
1742	67.4153
1743	67.1261
1744	67.3694
1745	67.278
1746	67.1501
1747	67.2299
1748	67.7259
1749	67.5858
1750	67.6727
1751	67.1987
1752	67.2277
1753	67.0834
1754	67.0885
1755	67.2067
1756	67.3929
1757	67.4138
1758	67.4848
1759	67.2427
1760	67.3778
1761	67.2931
1762	67.1913
1763	67.2595
1764	67.4066
1765	67.4753
1766	67.2737
1767	67.1615
1768	67.4088
1769	67.4817
1770	67.419
1771	67.5499
1772	67.563
1773	67.602
1774	67.582
1775	67.2536
1776	67.5361
1777	67.5728
1778	67.2998
1779	67.2409
1780	67.2769
1781	67.2942
1782	67.1459
1783	67.4509
1784	67.1287
1785	67.3274
1786	67.4832
1787	67.2617
1788	67.3842
1789	67.2397
1790	67.1271
1791	67.2409
1792	67.2677
1793	67.4453
1794	67.2984
1795	67.3856
1796	67.1199
1797	67.7256
1798	67.6907
1799	67.266
1800	67.4286
1801	67.481
1802	67.351
1803	67.1001
1804	67.1894
1805	67.2565
1806	67.2935
1807	67.2278
1808	67.402
1809	67.3818
1810	67.1551
1811	67.2126
1812	67.3351
1813	67.3095
1814	67.5308
1815	67.1499
1816	67.3269
1817	67.0157
1818	67.2717
1819	67.1746
1820	67.3048
1821	67.1406
1822	67.1703
1823	67.2104
1824	67.3338
1825	67.366
1826	67.3564
1827	67.3988
1828	67.2427
1829	66.8954
1830	67.3673
1831	67.2476
1832	67.2395
1833	67.3981
1834	67.3168
1835	67.3009
1836	67.5941
1837	67.1813
1838	67.2679
1839	67.5406
1840	67.3404
1841	67.3257
1842	67.3395
1843	67.2187
1844	67.0779
1845	67.6331
1846	67.5334
1847	67.6736
1848	67.47
1849	67.4987
1850	67.3798
1851	67.4865
1852	67.568
1853	67.4574
1854	67.3971
1855	67.4686
1856	67.668
1857	67.4034
1858	67.2614
1859	67.4986
1860	67.3504
1861	67.4214
1862	67.4037
1863	67.453
1864	67.2318
1865	67.0381
1866	67.083
1867	66.9858
1868	67.369
1869	67.2306
1870	67.2218
1871	66.9845
1872	67.3567
1873	67.4408
1874	67.6689
1875	67.3934
1876	67.3991
1877	67.3024
1878	67.2659
1879	67.1747
1880	67.4206
1881	67.532
1882	67.5166
1883	67.8727
1884	67.7632
1885	67.3992
1886	67.3144
1887	67.2997
1888	67.3967
1889	67.7433
1890	67.4683
1891	67.4918
1892	67.3716
1893	67.3792
1894	67.4322
1895	67.2431
1896	67.2839
1897	67.5543
1898	67.483
1899	67.116
1900	67.4254
1901	67.3348
1902	67.1702
1903	67.3191
1904	67.2578
1905	67.539
1906	67.5332
1907	67.2402
1908	67.1282
1909	67.4533
1910	67.412
1911	67.8654
1912	67.3594
1913	67.045
1914	67.3041
1915	67.0068
1916	67.4586
1917	67.6423
1918	67.1698
1919	67.4188
1920	67.2556
1921	67.4661
1922	67.5796
1923	67.2252
1924	67.4462
1925	67.5242
1926	67.1559
1927	67.1607
1928	67.138
1929	67.3112
1930	67.0657
1931	67.1412
1932	67.0289
1933	67.1351
1934	67.3794
1935	67.2831
1936	67.3773
1937	67.2847
1938	67.2443
1939	67.5704
1940	67.5049
1941	67.2654
1942	67.3139
1943	67.1502
1944	67.1846
1945	67.0812
1946	67.1778
1947	67.0957
1948	67.3033
1949	67.1905
1950	67.4474
1951	67.3889
1952	67.6325
1953	67.3475
1954	67.4823
1955	67.4042
1956	67.1836
1957	67.3866
1958	67.153
1959	67.3749
1960	67.4724
1961	67.5877
1962	67.2747
1963	67.2487
1964	67.3583
1965	67.3572
1966	67.5524
1967	67.4049
1968	67.5631
1969	67.363
1970	67.4197
1971	67.3665
1972	67.2733
1973	67.4957
1974	67.3937
1975	67.2454
1976	67.4198
1977	67.3456
1978	67.3686
1979	67.6461
1980	67.5242
1981	67.2194
1982	67.0976
1983	67.1439
1984	67.311
1985	67.3809
1986	67.4142
1987	67.4686
1988	67.2492
1989	67.3922
1990	67.5455
1991	67.5075
1992	67.0959
1993	67.2439
1994	67.3722
1995	67.0747
1996	67.4747
1997	67.5112
1998	67.478
1999	67.4456
2000	67.4693
2001	67.3383
2002	67.5343
2003	67.5003
2004	67.2677
2005	67.1447
2006	67.4661
2007	67.7407
2008	67.5384
2009	67.6115
2010	67.2904
2011	67.8579
2012	67.2479
2013	67.2486
2014	67.2642
2015	67.1813
2016	67.1967
2017	67.3537
2018	67.4324
2019	67.4085
2020	67.3244
2021	67.3274
2022	67.2571
2023	67.2957
2024	67.2396
2025	67.4377
2026	67.3627
2027	67.377
2028	67.2712
2029	67.4197
2030	67.4754
2031	67.2901
2032	67.2158
2033	67.2824
2034	67.5927
2035	67.4368
2036	67.3533
2037	67.4951
2038	67.4826
2039	67.475
2040	67.5524
2041	67.4345
2042	67.5248
2043	67.1478
2044	67.2803
2045	67.2218
2046	67.4206
2047	67.1096
2048	67.2403
2049	67.4844
2050	67.5963
2051	67.1823
2052	67.1373
2053	67.289
2054	67.2535
2055	67.4001
2056	67.3973
2057	67.0292
2058	66.9895
2059	67.3928
2060	67.0845
2061	67.2389
2062	66.9858
2063	67.1155
2064	67.212
2065	67.0151
2066	67.4057
2067	67.5668
2068	67.4447
2069	67.426
2070	67.0185
2071	67.0259
2072	67.3046
2073	67.4065
2074	67.3612
2075	67.214
2076	67.2724
2077	67.311
2078	67.2326
2079	67.3669
2080	67.3328
2081	67.1126
2082	67.1141
2083	67.0577
2084	67.1436
2085	67.4229
2086	67.1795
2087	67.1758
2088	67.3336
2089	67.335
2090	67.485
2091	67.2448
2092	67.0908
2093	67.311
2094	67.2833
2095	67.4344
2096	67.1424
2097	67.1753
2098	67.3974
2099	67.5216
2100	67.303
2101	67.4792
2102	67.7165
2103	67.3896
2104	67.5675
2105	67.602
2106	67.3228
2107	67.2833
2108	67.2732
2109	67.5162
2110	67.2328
2111	67.3172
2112	67.3941
2113	67.4663
2114	67.4726
2115	67.2415
2116	67.5052
2117	67.3334
2118	67.6674
2119	67.3882
2120	67.1918
2121	67.3753
2122	67.2869
2123	67.2577
2124	67.0474
2125	67.1717
2126	67.2502
2127	67.1371
2128	67.35
2129	67.2966
2130	67.4275
2131	67.2731
2132	67.2742
2133	67.499
2134	67.2882
2135	67.1641
2136	67.3849
2137	67.2784
2138	67.337
2139	67.4058
2140	67.4167
2141	67.473
2142	67.4195
2143	67.2206
2144	67.4439
2145	67.3673
2146	67.5104
2147	67.4198
2148	67.4364
2149	67.4704
2150	67.5093
2151	67.4394
2152	67.2412
2153	67.3851
2154	67.3588
2155	67.1764
2156	67.2805
2157	67.3793
2158	67.3604
2159	67.3848
2160	67.3004
2161	67.4543
2162	67.2404
2163	67.3565
2164	67.283
2165	67.1732
2166	67.1901
2167	67.2328
2168	67.1751
2169	67.2881
2170	67.3232
2171	67.1406
2172	67.1186
2173	67.3966
2174	67.5435
2175	67.4196
2176	66.9993
2177	67.6466
2178	67.5403
2179	67.254
2180	67.2325
2181	67.1678
2182	67.2613
2183	67.1197
2184	67.2907
2185	67.7924
2186	67.6289
2187	67.4609
2188	67.334
2189	67.3764
2190	67.5263
2191	67.3772
2192	67.242
2193	67.3051
2194	67.1348
2195	67.317
2196	67.3156
2197	67.1787
2198	67.5246
2199	67.4271
2200	67.2432
2201	67.5555
2202	67.5227
2203	67.4174
2204	67.3507
2205	67.4179
2206	67.1841
2207	67.2969
2208	67.3771
2209	67.5267
2210	67.4222
2211	67.3932
2212	67.8131
2213	67.4509
2214	67.3804
2215	67.2936
2216	67.4739
2217	67.4431
2218	67.2244
2219	67.2858
2220	67.469
2221	67.3925
2222	67.5016
2223	67.4157
2224	67.4106
2225	67.3274
2226	67.4223
2227	67.2829
2228	67.1626
2229	67.2611
2230	67.2614
2231	67.2498
2232	67.1946
2233	67.4604
2234	67.3118
2235	67.6234
2236	67.5702
2237	67.2296
2238	67.0904
2239	67.5259
2240	67.3273
2241	67.357
2242	67.281
2243	67.5848
2244	67.2485
2245	67.387
2246	67.3007
2247	67.7172
2248	67.4085
2249	67.4145
2250	67.3169
2251	67.3727
2252	67.2017
2253	67.4348
2254	67.4039
2255	67.3859
2256	67.406
2257	67.368
2258	67.1872
2259	67.2137
2260	67.1402
2261	67.1609
2262	67.272
2263	67.4165
2264	67.465
2265	67.3664
2266	67.5742
2267	67.5024
2268	67.414
2269	67.1104
2270	67.3466
2271	67.3474
2272	67.3123
2273	67.2499
2274	67.3819
2275	67.4813
2276	67.0963
2277	67.1589
2278	67.2648
2279	67.3287
2280	67.36
2281	67.2156
2282	66.9882
2283	67.3553
2284	67.3518
2285	67.2008
2286	67.4452
2287	67.3732
2288	67.4519
2289	67.4706
2290	67.2817
2291	67.1681
2292	67.3909
2293	67.2684
2294	67.0746
2295	67.1796
2296	67.2979
2297	67.1783
2298	67.2399
2299	67.3663
2300	67.043
2301	67.0897
2302	67.3115
2303	67.3655
2304	67.3245
2305	67.3902
2306	67.3515
2307	67.4309
2308	67.4342
2309	67.4428
2310	67.3474
2311	67.618
2312	67.4785
2313	67.5016
2314	67.6018
2315	67.3146
2316	67.2492
2317	67.1572
2318	67.178
2319	67.4366
2320	67.4947
2321	67.3231
2322	67.5659
2323	67.4311
2324	67.4201
2325	67.2208
2326	67.2959
2327	67.3356
2328	67.0429
2329	67.3008
2330	67.4779
2331	67.3821
2332	67.3908
2333	67.1232
2334	67.636
2335	67.6166
2336	67.6282
2337	67.5366
2338	67.5023
2339	67.4895
2340	67.6847
2341	67.9079
2342	67.6555
2343	67.3041
2344	67.3727
2345	67.4025
2346	67.5522
2347	67.4462
2348	67.5362
2349	67.354
2350	67.3809
2351	67.3291
2352	67.3951
2353	67.4686
2354	67.388
2355	67.396
2356	67.2737
2357	67.1149
2358	67.3181
2359	67.1747
2360	67.2964
2361	67.1272
2362	67.2604
2363	67.2679
2364	67.4256
2365	67.3606
2366	67.1542
2367	67.5881
2368	67.4754
2369	67.1866
2370	67.4134
2371	67.3244
2372	67.4485
2373	67.2386
2374	67.254
2375	67.1546
2376	67.1968
2377	67.2306
2378	67.251
2379	67.5368
2380	67.5586
2381	67.5465
2382	67.3687
2383	67.4518
2384	67.2426
2385	67.301
2386	67.1384
2387	67.0472
2388	67.2067
2389	67.0893
2390	67.1082
2391	67.1229
2392	67.2915
2393	67.2747
2394	67.3108
2395	67.436
2396	67.4766
2397	67.3213
2398	67.1884
2399	67.1789
2400	67.4045
2401	67.2993
2402	67.5337
2403	67.5026
2404	67.5145
2405	67.3514
2406	67.2691
2407	67.3498
2408	67.2242
2409	67.3776
2410	67.1167
2411	67.0836
2412	67.1009
2413	67.2022
2414	67.1313
2415	67.2799
2416	67.3641
2417	67.4005
2418	67.3508
2419	67.5816
2420	67.6088
2421	67.3221
2422	67.4885
2423	67.5639
2424	67.3532
2425	67.3183
2426	67.4537
2427	67.2681
2428	67.3427
2429	67.1985
2430	67.1435
2431	67.1259
2432	67.1975
2433	67.2352
2434	67.5327
2435	67.0919
2436	67.3613
2437	67.3067
2438	67.3404
2439	67.3258
2440	67.1719
2441	67.4758
2442	67.3178
2443	67.224
2444	67.1662
2445	67.457
2446	67.4694
2447	67.3137
2448	67.2687
2449	67.4143
2450	67.3279
2451	67.4903
2452	67.4811
2453	67.2971
2454	67.0954
2455	67.2123
2456	67.0432
2457	67.2422
2458	67.4204
2459	67.6009
2460	67.4439
2461	67.5163
2462	67.4164
2463	67.4572
2464	67.3105
2465	67.2225
2466	67.357
2467	67.3109
2468	67.4626
2469	67.6377
2470	67.7108
2471	67.475
2472	67.4095
2473	67.4453
2474	67.2963
2475	67.1907
2476	67.0649
2477	67.3147
2478	67.3029
2479	67.4688
2480	67.5413
2481	67.506
2482	67.6911
2483	67.6519
2484	67.3986
2485	67.1861
2486	67.42
2487	67.2176
2488	67.0021
2489	67.2174
2490	67.2234
2491	67.4075
2492	67.219
2493	67.0387
2494	67.1943
2495	67.2641
2496	67.2566
2497	67.0602
2498	67.2368
2499	67.1493
2500	67.3041
