Gen:	<L_2>
0	510.345
1	454.713
2	421.241
3	399.177
4	383.25
5	368.915
6	354.733
7	342.29
8	332.9
9	321.601
10	309.73
11	299.559
12	289.02
13	280.906
14	275.175
15	267.88
16	259.975
17	253.135
18	245.764
19	238.761
20	233.079
21	227.372
22	221.131
23	216.775
24	212.771
25	208.484
26	206.115
27	203.865
28	200.095
29	197.148
30	193.908
31	191.645
32	188.426
33	185.632
34	181.178
35	177.509
36	175.082
37	173.198
38	170.229
39	167.613
40	164.434
41	161.477
42	160.682
43	160.022
44	157.778
45	155.755
46	153.505
47	151.387
48	149.963
49	148.57
50	145.574
51	143.453
52	141.855
53	139.43
54	136.792
55	135.007
56	132.969
57	130.843
58	128.812
59	127.446
60	126.625
61	126.319
62	126.052
63	124.569
64	122.923
65	121.079
66	119.634
67	118.078
68	117.163
69	116.292
70	115.182
71	114.128
72	112.94
73	112.389
74	111.375
75	110.779
76	110.144
77	109.668
78	109.265
79	108.526
80	108.9
81	108.868
82	107.918
83	106.041
84	104.809
85	103.675
86	102.535
87	101.771
88	101.307
89	101.086
90	100.329
91	99.2735
92	98.8933
93	98.9485
94	98.6054
95	98.1993
96	97.7269
97	97.0899
98	96.1515
99	95.7325
100	95.2039
101	94.5889
102	94.3522
103	94.0376
104	93.4911
105	93.272
106	92.8637
107	92.1146
108	91.4616
109	90.7679
110	90.1838
111	89.6972
112	90.2857
113	90.8778
114	90.666
115	89.7449
116	88.3006
117	87.4003
118	87.0463
119	86.7369
120	86.0624
121	86.0274
122	85.5906
123	84.994
124	84.6635
125	84.6031
126	85.2588
127	85.5446
128	84.9017
129	83.8871
130	83.7222
131	83.1877
132	82.69
133	82.5103
134	82.0054
135	81.5515
136	81.586
137	81.6724
138	81.3791
139	81.1033
140	80.794
141	80.4139
142	80.0234
143	79.6942
144	79.3319
145	78.7934
146	78.4373
147	78.3098
148	78.3568
149	78.1022
150	78.0705
151	78.178
152	77.9748
153	77.7268
154	77.3517
155	77.2517
156	77.0295
157	76.6022
158	76.6083
159	76.7903
160	76.5201
161	76.2906
162	76.1583
163	76.0201
164	76.052
165	76.0753
166	75.9194
167	75.5351
168	75.6876
169	75.6343
170	75.8229
171	75.5221
172	75.3751
173	75.2483
174	75.4565
175	75.6989
176	75.7832
177	75.6493
178	75.6159
179	75.4833
180	75.6472
181	75.5351
182	75.7138
183	75.7436
184	75.7954
185	75.6808
186	75.2045
187	75.1851
188	75.1874
189	75.2655
190	75.2049
191	75.2258
192	75.1169
193	75.412
194	75.3555
195	75.617
196	75.3138
197	75.6969
198	76.0126
199	75.9307
200	75.3426
201	75.2633
202	75.3627
203	75.497
204	75.0129
205	75.0501
206	74.9751
207	75.0296
208	75.4373
209	75.0039
210	75.1142
211	74.9529
212	74.7237
213	74.9766
214	75.0597
215	75.3368
216	75.2778
217	75.0937
218	75.1015
219	75.0114
220	74.9808
221	75.1686
222	75.2104
223	74.8899
224	74.989
225	74.5268
226	74.6565
227	74.6048
228	74.9303
229	75.6058
230	74.9862
231	74.5643
232	74.5083
233	74.3669
234	74.3232
235	74.1535
236	74.435
237	74.7902
238	74.3903
239	74.1601
240	73.9831
241	73.9783
242	73.7862
243	73.5556
244	73.3383
245	73.3194
246	73.1757
247	73.1555
248	72.9789
249	72.9281
250	72.7649
251	72.8705
252	72.8626
253	72.9885
254	72.8094
255	72.9028
256	72.9594
257	72.9219
258	72.813
259	72.9522
260	72.8709
261	73.0222
262	72.8803
263	73.1871
264	72.9128
265	72.909
266	72.8086
267	72.9948
268	73.0125
269	73.0364
270	72.9808
271	73.1876
272	72.9204
273	72.9
274	72.9881
275	72.8909
276	73.0194
277	72.9067
278	72.7432
279	72.7037
280	72.6853
281	72.9213
282	72.7223
283	72.8475
284	73.0887
285	72.6848
286	72.8279
287	72.7447
288	72.9245
289	72.8461
290	72.5005
291	72.8154
292	72.5518
293	72.7843
294	72.7534
295	72.869
296	72.8681
297	73.1252
298	73.119
299	72.7631
300	72.9235
301	72.9181
302	72.8093
303	72.7762
304	72.5858
305	72.6882
306	72.541
307	72.5239
308	72.5502
309	72.8355
310	72.8311
311	72.913
312	72.6409
313	72.6121
314	72.4949
315	72.7429
316	72.7919
317	72.5678
318	72.6454
319	72.7779
320	72.9182
321	72.8492
322	73.1007
323	72.8171
324	72.8521
325	72.964
326	72.7294
327	72.5493
328	72.9387
329	72.7124
330	72.5278
331	72.7868
332	72.8046
333	72.6117
334	72.3139
335	72.3842
336	72.5108
337	72.84
338	72.5755
339	72.8973
340	72.5933
341	72.628
342	72.5279
343	72.5181
344	72.4732
345	72.4801
346	72.4526
347	72.6638
348	73.0108
349	72.8471
350	72.8965
351	72.6337
352	72.6142
353	72.5738
354	72.5891
355	72.6268
356	72.5618
357	72.5013
358	72.3547
359	72.2806
360	72.3397
361	72.1875
362	72.3087
363	72.3605
364	71.9316
365	72.1806
366	72.0276
367	72.0409
368	72.0505
369	72.0768
370	72.2136
371	72.2221
372	72.1696
373	72.2386
374	71.926
375	71.9246
376	71.866
377	71.8688
378	72.0668
379	72.0357
380	71.766
381	71.8425
382	71.8421
383	72.13
384	72.1508
385	71.8394
386	72.1323
387	71.9036
388	72.2097
389	72.3159
390	72.0427
391	71.9153
392	71.8629
393	71.793
394	71.5241
395	71.747
396	71.8144
397	71.5324
398	71.4144
399	71.3512
400	71.2837
401	71.4797
402	71.4633
403	71.368
404	71.4924
405	71.8818
406	71.936
407	71.5144
408	71.7164
409	71.793
410	71.3821
411	71.229
412	71.5698
413	71.7166
414	71.2349
415	71.2521
416	71.2704
417	71.359
418	71.5728
419	71.361
420	71.6972
421	71.4334
422	71.4146
423	71.1838
424	70.9077
425	70.8479
426	70.8382
427	70.9282
428	70.986
429	70.9053
430	71.1362
431	70.714
432	70.9194
433	71.0834
434	70.9202
435	70.8514
436	70.7137
437	70.7022
438	70.8934
439	70.8181
440	70.8989
441	70.9138
442	70.68
443	70.7884
444	70.628
445	71.0282
446	70.736
447	70.8469
448	70.9064
449	70.8417
450	71.1019
451	71.0257
452	70.9742
453	70.8736
454	70.9125
455	70.6075
456	70.7751
457	71.0405
458	71.0698
459	70.7957
460	70.8174
461	71.0331
462	70.9989
463	70.7351
464	70.5637
465	71.2218
466	70.8098
467	70.8031
468	70.6254
469	70.7899
470	71.026
471	70.8284
472	70.8491
473	70.741
474	70.8598
475	71.0378
476	71.2546
477	71.0396
478	70.7564
479	70.9541
480	70.5919
481	70.8427
482	70.9118
483	70.873
484	70.6868
485	70.5228
486	70.4734
487	70.575
488	70.4105
489	70.4844
490	70.3768
491	70.2653
492	70.5114
493	70.6059
494	70.5897
495	70.3986
496	70.48
497	70.5767
498	70.7286
499	70.4264
500	70.434
501	70.4036
502	70.2258
503	70.3651
504	70.3531
505	70.4758
506	70.2287
507	70.5805
508	70.1817
509	70.5592
510	70.5795
511	70.6869
512	70.6249
513	70.5894
514	70.763
515	70.6866
516	70.4556
517	70.2359
518	70.1632
519	70.3459
520	70.8287
521	70.6674
522	70.426
523	70.3798
524	70.3095
525	70.6224
526	70.2496
527	70.483
528	70.6196
529	70.5995
530	70.8728
531	70.6867
532	70.5672
533	70.249
534	70.5532
535	70.444
536	70.4016
537	70.3913
538	70.2463
539	70.3647
540	70.4582
541	70.4346
542	70.243
543	70.4876
544	70.6884
545	70.3203
546	70.1416
547	70.5454
548	70.3214
549	70.3659
550	70.684
551	70.3843
552	70.7535
553	70.555
554	70.5696
555	70.4669
556	70.5792
557	70.5035
558	70.2208
559	69.6112
560	69.6875
561	69.8146
562	69.7779
563	69.4537
564	69.6881
565	69.4527
566	69.4315
567	69.3476
568	69.2088
569	69.2857
570	69.1713
571	69.1238
572	69.1157
573	69.1991
574	69.2038
575	69.1423
576	69.4427
577	69.3115
578	69.3941
579	69.3914
580	69.3543
581	69.029
582	68.8195
583	68.5444
584	68.5822
585	68.4856
586	68.4029
587	68.3893
588	68.3248
589	68.3782
590	68.2597
591	68.3224
592	68.1179
593	68.2417
594	68.2358
595	68.2767
596	68.2777
597	68.3002
598	68.0311
599	68.1242
600	68.0914
601	68.2352
602	68.5999
603	68.558
604	68.1829
605	68.4995
606	68.4692
607	68.1511
608	68.1795
609	68.1583
610	68.2733
611	67.8978
612	68.0168
613	68.1899
614	68.1208
615	68.0583
616	67.9566
617	67.9592
618	68.1265
619	67.9453
620	68.2786
621	68.076
622	68.2483
623	68.2674
624	68.3038
625	68.1772
626	68.3964
627	68.0665
628	68.3893
629	67.9385
630	68.2056
631	68.0577
632	67.9323
633	68.0749
634	68.0088
635	67.8851
636	67.7984
637	67.8366
638	68.0826
639	67.6559
640	67.9152
641	67.7527
642	68.0663
643	68.0269
644	68.0453
645	67.7984
646	67.7272
647	68.0048
648	67.9841
649	67.7861
650	67.9807
651	67.6987
652	68.0535
653	67.8839
654	67.9883
655	67.8377
656	67.8028
657	67.9053
658	68.1677
659	68.3872
660	68.2149
661	68.0006
662	68.0488
663	68.0106
664	67.9191
665	67.7372
666	67.8159
667	67.9501
668	67.9899
669	67.7079
670	67.593
671	67.8196
672	67.7854
673	67.623
674	67.5926
675	67.643
676	67.7692
677	67.7976
678	67.6341
679	67.8908
680	67.7699
681	67.685
682	67.9973
683	67.8344
684	67.6251
685	67.7899
686	67.7781
687	67.5848
688	67.8284
689	67.6384
690	67.6794
691	67.7697
692	67.7601
693	67.6038
694	67.7236
695	67.9235
696	67.7933
697	67.7673
698	67.5378
699	67.6491
700	67.6185
701	67.7751
702	67.8372
703	67.6776
704	67.5787
705	67.827
706	67.8749
707	67.7192
708	67.9341
709	68.0264
710	67.6982
711	67.8873
712	67.7783
713	67.8324
714	67.8103
715	67.6689
716	68.1054
717	67.6765
718	67.7741
719	67.5298
720	67.5899
721	67.7673
722	67.8866
723	67.6736
724	67.886
725	67.535
726	67.552
727	67.702
728	67.8435
729	67.6489
730	67.8618
731	67.895
732	67.9186
733	67.7341
734	68.0324
735	67.7341
736	67.8026
737	67.7477
738	67.9036
739	67.8729
740	67.8088
741	67.4713
742	67.8376
743	67.9574
744	67.7249
745	67.7069
746	67.5835
747	67.7174
748	67.5222
749	67.5354
750	67.574
751	67.6237
752	67.7356
753	68.1222
754	67.5671
755	67.6534
756	67.7128
757	67.7847
758	67.6949
759	67.8799
760	67.6058
761	67.6333
762	67.8095
763	67.8724
764	67.6219
765	67.7123
766	67.8681
767	67.8029
768	67.5784
769	67.7431
770	67.5915
771	67.8123
772	67.7364
773	67.9279
774	68.0957
775	68.0658
776	67.7755
777	67.5992
778	67.7185
779	67.8537
780	67.8254
781	67.5497
782	67.8894
783	67.9436
784	67.9088
785	67.6269
786	67.9953
787	67.9772
788	67.8345
789	67.9954
790	67.8678
791	67.7565
792	67.763
793	67.7614
794	67.797
795	67.6204
796	67.559
797	67.7593
798	67.6422
799	67.7486
800	67.7581
801	67.8717
802	67.6572
803	67.6701
804	67.603
805	67.6305
806	67.621
807	67.8475
808	67.799
809	67.5659
810	67.8023
811	67.6816
812	67.6879
813	67.7726
814	67.5561
815	67.4771
816	67.7436
817	67.7338
818	68.1451
819	67.8878
820	67.8919
821	68.0758
822	67.9504
823	67.7032
824	67.8603
825	67.7137
826	67.8677
827	67.8272
828	67.8331
829	67.7032
830	67.5582
831	67.7306
832	67.7928
833	67.4027
834	67.6312
835	67.6174
836	67.7676
837	68.0067
838	67.4664
839	67.9492
840	68.0435
841	68.0941
842	67.9769
843	68.1664
844	67.8623
845	67.8302
846	67.8248
847	67.6329
848	67.839
849	67.6861
850	67.7293
851	67.9164
852	67.8493
853	67.9164
854	67.8993
855	67.8569
856	67.8899
857	67.927
858	67.9626
859	67.7782
860	67.807
861	67.6772
862	67.9177
863	67.5647
864	67.6351
865	67.8277
866	67.9172
867	67.7681
868	68.0421
869	68.1193
870	68.1194
871	67.9717
872	67.6862
873	67.4923
874	67.518
875	67.576
876	67.6927
877	67.7781
878	67.7844
879	67.8204
880	67.5029
881	67.6745
882	67.6796
883	67.8657
884	67.7607
885	68.0599
886	67.7547
887	67.7812
888	67.8831
889	67.7632
890	67.7095
891	67.9044
892	68.1448
893	67.7737
894	67.7052
895	68.0032
896	67.871
897	67.6997
898	67.5758
899	67.883
900	67.6255
901	67.7525
902	67.8648
903	67.7457
904	67.5775
905	67.3359
906	67.5722
907	67.7561
908	67.8591
909	67.6643
910	67.7562
911	67.5427
912	67.5155
913	67.6819
914	67.5381
915	67.8651
916	67.665
917	67.773
918	67.9727
919	67.6068
920	67.6951
921	67.5368
922	67.7199
923	67.7726
924	67.7668
925	67.6702
926	67.5741
927	67.6368
928	67.6207
929	67.8102
930	67.7345
931	67.8866
932	67.9456
933	67.8412
934	67.6518
935	68.0625
936	67.8154
937	67.5651
938	67.6249
939	67.8133
940	67.9731
941	67.9147
942	67.7493
943	67.7499
944	67.7729
945	67.6603
946	67.7052
947	67.7909
948	67.8506
949	68.0213
950	67.8702
951	68.0096
952	67.9595
953	68.0525
954	67.6759
955	67.5853
956	68.0134
957	67.9902
958	67.6992
959	67.6866
960	67.7183
961	67.7581
962	67.7947
963	68.0967
964	67.4789
965	67.6032
966	67.7189
967	67.889
968	67.8478
969	67.6251
970	67.5877
971	67.812
972	68.0398
973	67.9603
974	67.8167
975	67.7675
976	67.5492
977	67.8197
978	67.6821
979	67.6006
980	67.5038
981	67.5266
982	67.6327
983	67.5458
984	67.4691
985	67.6486
986	67.6458
987	67.6777
988	67.9475
989	67.6446
990	67.7269
991	67.8982
992	67.9831
993	67.567
994	67.7823
995	67.6603
996	67.4974
997	67.7059
998	67.7674
999	67.6048
1000	67.8741
1001	67.6252
1002	67.6294
1003	67.5478
1004	67.6343
1005	67.5954
1006	67.4574
1007	67.7384
1008	67.7112
1009	67.6954
1010	67.7042
1011	67.5576
1012	67.5706
1013	67.5713
1014	67.3519
1015	67.4883
1016	67.6316
1017	67.8254
1018	67.5783
1019	67.8559
1020	67.6032
1021	67.4343
1022	67.5397
1023	67.6707
1024	67.7114
1025	67.7081
1026	67.7236
1027	67.4874
1028	67.6088
1029	67.5569
1030	67.5278
1031	67.3722
1032	67.5732
1033	67.7281
1034	67.7106
1035	67.5953
1036	67.6762
1037	67.729
1038	67.7058
1039	67.6432
1040	67.4876
1041	67.5715
1042	67.5583
1043	67.6323
1044	67.6317
1045	67.7854
1046	67.8099
1047	67.596
1048	67.4655
1049	67.4467
1050	67.644
1051	67.8124
1052	67.8041
1053	67.6257
1054	67.8201
1055	67.7233
1056	67.4847
1057	67.6034
1058	67.4925
1059	67.5213
1060	68.0309
1061	67.7457
1062	67.8254
1063	67.8375
1064	67.8606
1065	67.709
1066	67.6078
1067	67.7497
1068	67.7469
1069	67.6236
1070	67.7299
1071	67.7598
1072	67.8679
1073	67.5941
1074	67.6777
1075	67.4665
1076	67.5735
1077	67.5805
1078	67.8669
1079	67.5551
1080	67.5469
1081	67.6967
1082	67.563
1083	67.3761
1084	67.4807
1085	67.5743
1086	67.6442
1087	67.6864
1088	67.6829
1089	67.3779
1090	67.7292
1091	67.758
1092	67.6417
1093	67.6422
1094	67.5147
1095	67.6563
1096	67.7428
1097	67.8869
1098	67.4458
1099	67.5563
1100	67.5573
1101	67.8875
1102	67.655
1103	67.4812
1104	67.4593
1105	67.4707
1106	67.4707
1107	67.3753
1108	67.5415
1109	67.8198
1110	67.3919
1111	67.6804
1112	67.6185
1113	67.3461
1114	67.4458
1115	67.5234
1116	67.772
1117	67.7197
1118	67.568
1119	67.4542
1120	67.3845
1121	67.766
1122	67.5561
1123	67.7887
1124	67.8002
1125	67.7562
1126	67.8136
1127	67.9084
1128	67.5516
1129	67.5294
1130	67.6723
1131	67.6407
1132	67.5897
1133	67.6999
1134	67.8104
1135	67.5909
1136	67.6368
1137	67.8149
1138	67.7088
1139	67.8291
1140	67.7789
1141	67.5386
1142	67.6631
1143	67.5954
1144	67.5153
1145	67.7815
1146	67.6126
1147	67.7729
1148	67.7011
1149	67.8203
1150	67.4744
1151	67.6776
1152	67.7741
1153	67.613
1154	67.5537
1155	67.8143
1156	67.526
1157	67.5664
1158	67.4681
1159	67.4635
1160	67.5766
1161	67.7587
1162	67.5295
1163	67.6283
1164	67.6866
1165	67.5707
1166	67.7382
1167	67.5715
1168	67.6084
1169	67.6331
1170	67.7731
1171	67.5066
1172	67.4886
1173	67.5804
1174	67.7715
1175	67.7036
1176	67.6704
1177	67.5632
1178	67.6679
1179	67.7851
1180	67.4112
1181	67.5926
1182	67.5424
1183	67.791
1184	67.5747
1185	67.3591
1186	67.4055
1187	67.4109
1188	67.6646
1189	67.3596
1190	67.5199
1191	67.3875
1192	67.7889
1193	67.6148
1194	67.5231
1195	67.5456
1196	67.4896
1197	67.5345
1198	67.5438
1199	67.7217
1200	67.6711
1201	67.5268
1202	67.7893
1203	67.7237
1204	67.6899
1205	67.3975
1206	67.6118
1207	67.5763
1208	67.8998
1209	67.7297
1210	67.9125
1211	68.2141
1212	67.7512
1213	67.4674
1214	67.7374
1215	67.4919
1216	67.4422
1217	67.6018
1218	67.6728
1219	67.682
1220	67.4099
1221	67.5929
1222	67.7203
1223	67.4831
1224	67.4861
1225	67.5594
1226	67.6615
1227	67.6667
1228	67.8481
1229	67.4806
1230	67.5487
1231	67.4825
1232	67.7241
1233	67.9205
1234	67.6571
1235	67.6708
1236	67.436
1237	67.5347
1238	67.3281
1239	67.6557
1240	67.609
1241	67.5319
1242	67.6649
1243	67.5769
1244	67.592
1245	67.8553
1246	67.6281
1247	67.7397
1248	67.4362
1249	67.6401
1250	67.4607
1251	67.2814
1252	67.5205
1253	67.3837
1254	67.5248
1255	67.715
1256	67.6184
1257	67.7828
1258	67.7262
1259	67.5733
1260	67.7412
1261	67.9414
1262	67.5461
1263	67.8781
1264	67.7107
1265	67.612
1266	67.3996
1267	67.5053
1268	67.6334
1269	67.5959
1270	67.7232
1271	67.889
1272	67.6311
1273	67.7263
1274	67.5126
1275	67.5637
1276	67.5653
1277	67.6286
1278	67.5305
1279	67.5163
1280	67.4408
1281	67.3844
1282	67.323
1283	67.4697
1284	67.6861
1285	67.7674
1286	67.6435
1287	67.5453
1288	67.8273
1289	67.506
1290	67.5299
1291	67.6272
1292	67.7615
1293	67.74
1294	67.4718
1295	67.6333
1296	67.77
1297	67.7878
1298	67.7948
1299	67.5648
1300	67.5928
1301	67.4169
1302	67.5689
1303	67.7306
1304	67.7835
1305	67.5775
1306	67.4807
1307	67.7897
1308	67.4311
1309	67.5959
1310	67.5805
1311	67.7847
1312	68.0397
1313	67.9256
1314	67.6787
1315	67.7399
1316	67.7042
1317	67.8805
1318	67.7801
1319	68.0133
1320	67.6351
1321	67.752
1322	67.8723
1323	67.6137
1324	67.5691
1325	67.6571
1326	67.6654
1327	68.0139
1328	67.7718
1329	67.6475
1330	67.9723
1331	67.7084
1332	67.6195
1333	67.516
1334	67.7395
1335	67.6763
1336	67.4702
1337	67.6516
1338	67.4677
1339	67.4425
1340	67.425
1341	67.5162
1342	67.7324
1343	67.7219
1344	67.8719
1345	67.5929
1346	67.7638
1347	67.5939
1348	67.6054
1349	67.5003
1350	67.7094
1351	67.4659
1352	67.5599
1353	68.023
1354	67.6603
1355	67.5602
1356	67.4894
1357	67.8989
1358	67.688
1359	67.6605
1360	67.4863
1361	67.8198
1362	67.6055
1363	67.6068
1364	67.5413
1365	67.5732
1366	67.6559
1367	67.6848
1368	67.5219
1369	67.7107
1370	67.486
1371	67.3519
1372	67.5427
1373	67.3057
1374	67.54
1375	67.6783
1376	67.5775
1377	67.3514
1378	67.424
1379	67.5642
1380	67.8181
1381	67.6579
1382	67.613
1383	67.4259
1384	67.5656
1385	67.8002
1386	67.3303
1387	67.3526
1388	67.6419
1389	67.66
1390	67.2807
1391	67.3593
1392	67.8198
1393	67.4219
1394	67.6538
1395	67.6637
1396	67.8725
1397	67.6739
1398	67.644
1399	67.4819
1400	67.7455
1401	67.7307
1402	67.7058
1403	67.6282
1404	67.7646
1405	67.3656
1406	67.354
1407	67.618
1408	67.6416
1409	67.7653
1410	67.6978
1411	67.9005
1412	67.5341
1413	67.5631
1414	67.4138
1415	67.5896
1416	67.5661
1417	67.6069
1418	67.5625
1419	67.5248
1420	67.503
1421	68.5947
1422	70.1161
1423	69.6266
1424	68.3528
1425	67.8087
1426	67.5828
1427	67.4734
1428	67.9264
1429	67.931
1430	67.652
1431	67.6061
1432	67.862
1433	67.6334
1434	67.9298
1435	67.6385
1436	67.6481
1437	67.4659
1438	67.608
1439	67.4691
1440	67.5148
1441	67.3889
1442	67.3794
1443	67.7609
1444	67.3963
1445	67.4754
1446	67.4168
1447	67.5744
1448	67.5385
1449	67.2603
1450	67.672
1451	67.5847
1452	67.3768
1453	67.447
1454	67.5173
1455	67.3564
1456	67.4743
1457	67.4867
1458	67.4119
1459	67.4273
1460	67.319
1461	67.6084
1462	67.614
1463	67.4561
1464	67.4847
1465	67.7488
1466	67.7883
1467	67.5821
1468	67.5721
1469	67.695
1470	67.5128
1471	67.3651
1472	67.6127
1473	67.7071
1474	67.7337
1475	67.5928
1476	67.6985
1477	67.5895
1478	67.6437
1479	67.8363
1480	67.5299
1481	67.521
1482	67.5864
1483	67.5765
1484	67.4489
1485	67.5285
1486	67.3369
1487	67.6397
1488	67.6941
1489	67.8497
1490	67.6821
1491	67.7071
1492	67.3772
1493	67.5485
1494	67.6504
1495	67.6267
1496	67.5589
1497	67.8748
1498	67.3489
1499	67.3167
1500	67.6328
1501	67.8135
1502	67.4671
1503	67.6243
1504	67.5217
1505	67.8318
1506	67.7049
1507	67.7114
1508	67.7827
1509	67.1978
1510	67.6889
1511	67.666
1512	67.4587
1513	67.6345
1514	67.6658
1515	67.5041
1516	67.6299
1517	67.5669
1518	67.7004
1519	67.6268
1520	67.729
1521	67.6253
1522	67.7541
1523	67.8643
1524	67.522
1525	67.6493
1526	67.5928
1527	67.3754
1528	67.3345
1529	67.5398
1530	67.4787
1531	67.7817
1532	67.6278
1533	67.5789
1534	67.4812
1535	67.6611
1536	67.678
1537	67.7112
1538	67.4376
1539	67.3508
1540	67.6334
1541	67.7768
1542	67.6748
1543	67.5304
1544	67.2641
1545	67.5611
1546	67.8492
1547	67.5406
1548	67.6886
1549	67.497
1550	67.6487
1551	67.6247
1552	67.6905
1553	67.6982
1554	67.6781
1555	67.8646
1556	67.5111
1557	67.8494
1558	67.8348
1559	67.7033
1560	67.7309
1561	67.4848
1562	67.7449
1563	67.4721
1564	67.6237
1565	67.6704
1566	67.6575
1567	67.7008
1568	67.6159
1569	67.477
1570	67.6674
1571	67.629
1572	67.4097
1573	67.3025
1574	67.614
1575	67.4119
1576	67.5364
1577	67.7475
1578	68.0342
1579	67.6274
1580	67.6634
1581	67.7855
1582	67.484
1583	67.4811
1584	67.4823
1585	67.34
1586	67.5422
1587	67.4713
1588	67.4958
1589	67.661
1590	67.4508
1591	67.3327
1592	67.5756
1593	67.6697
1594	67.4229
1595	67.3965
1596	67.7676
1597	67.4246
1598	67.5574
1599	67.3186
1600	67.2867
1601	67.2773
1602	67.7231
1603	67.8963
1604	67.5461
1605	67.584
1606	67.3842
1607	67.6999
1608	67.469
1609	67.4747
1610	67.5527
1611	67.2923
1612	67.9166
1613	67.7514
1614	67.6216
1615	67.31
1616	67.4972
1617	67.4524
1618	67.6154
1619	67.6506
1620	67.6675
1621	67.4597
1622	67.5996
1623	67.6269
1624	67.5311
1625	67.459
1626	67.6726
1627	67.4591
1628	67.4954
1629	67.614
1630	67.681
1631	67.6667
1632	67.8815
1633	67.5803
1634	67.6155
1635	67.3882
1636	67.63
1637	67.7038
1638	67.5185
1639	67.743
1640	67.4984
1641	67.5773
1642	67.5722
1643	67.4455
1644	67.4267
1645	67.3203
1646	67.6729
1647	67.4199
1648	67.3885
1649	67.7325
1650	67.5346
1651	67.1897
1652	67.5326
1653	67.7306
1654	67.4099
1655	67.8237
1656	67.638
1657	67.5587
1658	67.5657
1659	67.7877
1660	67.8228
1661	67.8089
1662	67.8701
1663	67.6936
1664	67.5366
1665	67.5124
1666	67.4074
1667	67.527
1668	67.6455
1669	67.8123
1670	67.6312
1671	67.3776
1672	67.3416
1673	67.3272
1674	67.6471
1675	67.7954
1676	67.5643
1677	67.6724
1678	67.4247
1679	67.7569
1680	67.686
1681	67.7316
1682	67.3977
1683	67.5748
1684	67.3558
1685	67.4335
1686	67.465
1687	67.5065
1688	67.4023
1689	67.9105
1690	67.4681
1691	67.4363
1692	67.5145
1693	67.6662
1694	67.5674
1695	67.7212
1696	68.0271
1697	67.509
1698	67.3267
1699	67.2105
1700	67.5506
1701	67.5737
1702	67.4852
1703	67.5376
1704	67.2981
1705	67.2641
1706	67.5409
1707	67.6682
1708	67.7153
1709	67.5308
1710	67.8658
1711	67.8334
1712	67.742
1713	67.7827
1714	67.4725
1715	67.667
1716	67.7184
1717	67.7407
1718	67.5805
1719	67.4036
1720	67.4441
1721	67.8381
1722	67.616
1723	67.6976
1724	67.7789
1725	67.5493
1726	67.6619
1727	67.6295
1728	67.7581
1729	67.9006
1730	67.5192
1731	67.5329
1732	67.4715
1733	67.5717
1734	67.4428
1735	67.5928
1736	67.7236
1737	67.6156
1738	67.52
1739	67.4307
1740	67.4878
1741	67.6915
1742	67.6857
1743	67.7066
1744	67.7151
1745	67.6073
1746	67.791
1747	67.4344
1748	67.5914
1749	67.6778
1750	67.6657
1751	67.9248
1752	67.72
1753	67.6304
1754	67.4962
1755	67.2903
1756	67.5089
1757	67.4598
1758	67.5151
1759	67.6119
1760	67.6773
1761	67.7091
1762	67.7205
1763	67.434
1764	67.5988
1765	67.7637
1766	67.6437
1767	67.7288
1768	67.7786
1769	67.613
1770	67.3809
1771	67.6309
1772	67.5063
1773	67.6343
1774	67.7209
1775	67.7124
1776	67.6896
1777	67.7915
1778	67.5241
1779	67.4413
1780	67.4756
1781	67.525
1782	67.685
1783	67.6384
1784	67.4756
1785	67.3947
1786	67.5758
1787	67.7905
1788	67.578
1789	67.7318
1790	67.6253
1791	67.7411
1792	67.5037
1793	67.3512
1794	67.6688
1795	67.6554
1796	67.6209
1797	67.7337
1798	67.4142
1799	67.2826
1800	67.4157
1801	67.6596
1802	67.5532
1803	67.9071
1804	67.7059
1805	67.3318
1806	67.4949
1807	67.5676
1808	67.5034
1809	67.5
1810	67.7219
1811	67.5815
1812	67.6765
1813	67.6565
1814	67.654
1815	67.4949
1816	67.6901
1817	67.491
1818	67.4487
1819	67.5601
1820	67.8349
1821	67.6328
1822	67.7407
1823	67.5678
1824	67.3926
1825	67.5185
1826	67.513
1827	67.8431
1828	67.7302
1829	67.7306
1830	67.6209
1831	67.6283
1832	67.5693
1833	67.4981
1834	67.5612
1835	67.5201
1836	67.5818
1837	67.5482
1838	67.6455
1839	67.5932
1840	67.6529
1841	67.4067
1842	67.5839
1843	67.4168
1844	67.4396
1845	67.7362
1846	67.5228
1847	67.8251
1848	67.5116
1849	67.7702
1850	67.5223
1851	67.4485
1852	67.6716
1853	67.7633
1854	67.6771
1855	67.7469
1856	67.6132
1857	67.452
1858	67.4086
1859	67.6774
1860	67.4317
1861	67.4408
1862	67.6268
1863	67.6297
1864	67.6772
1865	67.3542
1866	67.518
1867	67.7806
1868	67.6651
1869	67.5952
1870	67.5887
1871	67.5227
1872	67.5558
1873	67.615
1874	67.5669
1875	67.4717
1876	67.4747
1877	67.52
1878	67.5589
1879	67.8716
1880	67.7182
1881	67.6737
1882	67.5293
1883	67.6739
1884	67.5699
1885	67.5631
1886	67.6858
1887	67.7433
1888	67.6371
1889	67.9275
1890	67.7617
1891	67.4683
1892	67.428
1893	67.879
1894	67.3889
1895	67.4703
1896	67.4835
1897	67.5426
1898	67.5822
1899	67.5655
1900	67.5533
1901	67.4178
1902	67.7247
1903	67.5081
1904	67.5581
1905	67.714
1906	67.4428
1907	67.8198
1908	67.9038
1909	67.672
1910	67.372
1911	67.3355
1912	67.5223
1913	67.2876
1914	67.4794
1915	67.4952
1916	67.5434
1917	67.4207
1918	67.6752
1919	67.6578
1920	67.8169
1921	67.4755
1922	67.3032
1923	67.7883
1924	68.1182
1925	67.8157
1926	67.5973
1927	67.8568
1928	67.6821
1929	67.8412
1930	67.7456
1931	67.9494
1932	67.7092
1933	67.7593
1934	67.5134
1935	67.5463
1936	67.4055
1937	67.5241
1938	67.7158
1939	67.4418
1940	67.5413
1941	67.6869
1942	68.0524
1943	67.6696
1944	67.7238
1945	67.5023
1946	67.8952
1947	67.9214
1948	68.0658
1949	67.8447
1950	67.7069
1951	67.6448
1952	67.5765
1953	67.4545
1954	67.8507
1955	67.5137
1956	67.4695
1957	67.4475
1958	67.5259
1959	67.6858
1960	67.4482
1961	67.7124
1962	67.5724
1963	67.5135
1964	67.9088
1965	67.5042
1966	67.4918
1967	67.4728
1968	67.4887
1969	67.5013
1970	67.5708
1971	67.4883
1972	67.6508
1973	67.5859
1974	67.9144
1975	67.5377
1976	67.7828
1977	67.624
1978	67.7827
1979	67.4518
1980	67.59
1981	67.5236
1982	67.3048
1983	67.5543
1984	67.3506
1985	67.3929
1986	67.7511
1987	67.7477
1988	67.7505
1989	67.8284
1990	67.7323
1991	67.5869
1992	67.356
1993	67.8047
1994	67.7175
1995	67.4822
1996	67.3844
1997	67.6435
1998	67.7261
1999	67.4073
2000	67.3392
2001	67.5151
2002	67.4244
2003	67.6037
2004	67.3841
2005	67.7699
2006	67.7424
2007	67.6428
2008	67.6167
2009	67.6499
2010	67.6774
2011	67.5911
2012	67.5108
2013	67.7952
2014	67.4734
2015	67.4799
2016	67.7727
2017	67.4315
2018	67.6184
2019	67.7936
2020	67.8299
2021	67.6047
2022	67.421
2023	67.5022
2024	67.6891
2025	67.7897
2026	67.7891
2027	67.7413
2028	67.5717
2029	67.8392
2030	67.4982
2031	67.4579
2032	67.642
2033	67.7716
2034	67.8712
2035	67.6668
2036	67.2974
2037	67.5522
2038	67.75
2039	67.78
2040	67.6491
2041	67.6266
2042	67.2893
2043	67.4042
2044	67.5283
2045	67.4634
2046	67.8101
2047	67.4479
2048	67.5544
2049	67.5621
2050	67.5004
2051	67.6459
2052	67.5679
2053	67.4507
2054	67.4238
2055	67.5301
2056	67.3246
2057	67.6118
2058	67.6651
2059	67.6975
2060	67.5304
2061	67.7532
2062	67.4785
2063	67.7161
2064	67.7399
2065	67.4534
2066	67.8091
2067	67.5413
2068	67.6437
2069	67.3747
2070	67.3147
2071	67.6079
2072	67.6633
2073	67.4821
2074	67.5978
2075	67.6467
2076	67.7162
2077	67.7563
2078	67.9041
2079	67.7091
2080	67.6419
2081	67.5329
2082	67.4588
2083	67.6069
2084	67.3617
2085	67.489
2086	67.5261
2087	67.3573
2088	67.5199
2089	67.7156
2090	68.0044
2091	67.4561
2092	67.7331
2093	67.7013
2094	67.8845
2095	67.6347
2096	67.7054
2097	67.5643
2098	67.8516
2099	67.5781
2100	67.4525
2101	67.601
2102	67.4035
2103	67.5313
2104	67.58
2105	67.6026
2106	67.4529
2107	67.6357
2108	67.7559
2109	67.8273
2110	67.4392
2111	67.7313
2112	67.4817
2113	67.7648
2114	67.4609
2115	67.334
2116	67.4666
2117	67.7092
2118	67.877
2119	67.5458
2120	67.6489
2121	67.7011
2122	67.5157
2123	67.6938
2124	67.6604
2125	67.5863
2126	67.6523
2127	67.263
2128	67.2255
2129	67.6493
2130	67.6355
2131	67.6769
2132	67.7948
2133	67.8335
2134	67.573
2135	67.6282
2136	67.8418
2137	67.4022
2138	67.4424
2139	67.8771
2140	67.9661
2141	67.815
2142	67.8035
2143	67.4014
2144	67.5062
2145	67.6849
2146	67.4501
2147	67.5565
2148	67.6086
2149	67.643
2150	67.502
2151	67.7879
2152	67.8224
2153	67.7521
2154	67.7419
2155	67.838
2156	67.5988
2157	67.2425
2158	67.3281
2159	67.1982
2160	67.3583
2161	67.4457
2162	67.009
2163	67.3946
2164	67.2576
2165	67.4487
2166	67.4178
2167	67.5573
2168	67.3591
2169	67.486
2170	67.3263
2171	67.1396
2172	67.0311
2173	67.0622
2174	67.5255
2175	67.5518
2176	67.2948
2177	67.486
2178	67.4102
2179	67.4083
2180	67.5239
2181	67.4217
2182	67.5033
2183	67.4312
2184	67.4369
2185	67.488
2186	67.3492
2187	67.4704
2188	67.3193
2189	67.2966
2190	67.5304
2191	67.6508
2192	67.6593
2193	67.33
2194	67.1087
2195	67.114
2196	67.3986
2197	67.669
2198	67.388
2199	67.1438
2200	67.42
2201	67.3026
2202	67.2354
2203	66.9539
2204	67.2686
2205	67.5137
2206	67.557
2207	67.2558
2208	67.574
2209	67.4603
2210	67.2817
2211	67.0996
2212	67.3073
2213	67.3593
2214	67.3751
2215	67.4259
2216	67.2145
2217	67.3658
2218	67.3177
2219	67.2904
2220	67.2016
2221	67.2882
2222	67.2695
2223	67.2099
2224	67.1277
2225	67.3158
2226	67.4555
2227	67.3994
2228	67.3936
2229	67.3824
2230	67.4126
2231	67.6804
2232	67.4545
2233	66.9125
2234	67.2113
2235	67.4143
2236	67.3739
2237	67.481
2238	67.3299
2239	67.0979
2240	67.2989
2241	67.3379
2242	67.3847
2243	67.3331
2244	67.1279
2245	67.4168
2246	67.5897
2247	67.364
2248	67.0991
2249	67.2653
2250	67.1986
2251	67.1293
2252	67.4603
2253	67.5436
2254	67.3101
2255	67.3282
2256	67.2017
2257	67.5383
2258	67.3954
2259	67.281
2260	67.4978
2261	67.0791
2262	67.0735
2263	67.0838
2264	67.3974
2265	67.3879
2266	67.5925
2267	67.533
2268	67.6613
2269	67.6489
2270	67.2322
2271	67.4016
2272	67.5736
2273	67.5214
2274	67.3353
2275	67.2504
2276	67.4477
2277	67.5891
2278	67.6183
2279	67.5709
2280	67.5485
2281	67.2392
2282	67.2001
2283	67.389
2284	67.6205
2285	67.1821
2286	67.5047
2287	67.4815
2288	67.3177
2289	67.3585
2290	67.3393
2291	67.5569
2292	67.3995
2293	67.3514
2294	67.4005
2295	67.2256
2296	67.2554
2297	67.5584
2298	67.2597
2299	67.368
2300	67.202
2301	67.203
2302	67.1745
2303	67.4398
2304	67.1784
2305	67.095
2306	67.2834
2307	67.3733
2308	67.1876
2309	67.6004
2310	67.5947
2311	67.5597
2312	67.665
2313	67.5164
2314	67.474
2315	67.252
2316	67.391
2317	67.3499
2318	67.1371
2319	67.3189
2320	67.4958
2321	67.5785
2322	67.5626
2323	67.2781
2324	67.2243
2325	67.2709
2326	67.2272
2327	67.3797
2328	67.2119
2329	67.3342
2330	67.6452
2331	67.4106
2332	67.1874
2333	67.2033
2334	67.5225
2335	67.5259
2336	67.2303
2337	67.1876
2338	67.5141
2339	67.4499
2340	67.2465
2341	66.9715
2342	67.284
2343	67.4388
2344	67.2029
2345	67.202
2346	67.4291
2347	67.3864
2348	67.13
2349	67.3557
2350	67.4511
2351	67.495
2352	67.5266
2353	67.2231
2354	67.4694
2355	67.2846
2356	67.5263
2357	67.0995
2358	67.2269
2359	67.3458
2360	67.2374
2361	67.3489
2362	67.3437
2363	67.6323
2364	67.5841
2365	67.4083
2366	67.5569
2367	67.3721
2368	67.4051
2369	67.3616
2370	67.3418
2371	67.432
2372	67.3152
2373	67.3555
2374	67.2805
2375	67.1802
2376	67.3353
2377	67.438
2378	67.4346
2379	67.4001
2380	67.3138
2381	67.256
2382	67.3939
2383	67.3017
2384	67.2995
2385	67.2245
2386	67.3351
2387	67.2814
2388	67.4302
2389	67.4246
2390	67.5721
2391	67.428
2392	67.5187
2393	67.5045
2394	67.5218
2395	67.7161
2396	67.5431
2397	67.2684
2398	67.1365
2399	67.1986
2400	67.3081
2401	67.3094
2402	67.3613
2403	67.2406
2404	67.4673
2405	67.3801
2406	67.1195
2407	67.048
2408	67.3627
2409	67.31
2410	67.4327
2411	67.3512
2412	67.3403
2413	67.7028
2414	67.7342
2415	67.3968
2416	67.3142
2417	67.2499
2418	67.261
2419	67.2874
2420	67.6117
2421	67.3529
2422	67.3325
2423	67.4213
2424	67.6874
2425	67.3891
2426	67.2533
2427	67.3589
2428	67.3091
2429	67.4789
2430	67.4104
2431	67.4765
2432	67.4145
2433	67.4626
2434	67.3111
2435	67.2146
2436	67.3558
2437	67.3772
2438	67.5542
2439	67.4553
2440	67.7316
2441	67.4694
2442	67.5179
2443	67.2808
2444	67.3312
2445	67.5
2446	67.2194
2447	67.299
2448	67.2975
2449	67.3304
2450	67.2896
2451	67.4644
2452	67.6005
2453	67.0959
2454	67.4567
2455	67.3879
2456	67.3768
2457	67.4591
2458	67.2049
2459	67.1939
2460	67.4612
2461	67.6518
2462	67.3672
2463	67.6283
2464	67.6648
2465	67.1999
2466	67.3262
2467	67.3308
2468	67.2741
2469	67.2219
2470	67.4195
2471	67.572
2472	67.2917
2473	67.2695
2474	67.4014
2475	67.301
2476	67.2153
2477	67.4263
2478	67.3948
2479	67.2217
2480	67.3702
2481	67.3156
2482	67.3308
2483	67.3744
2484	67.3622
2485	67.4185
2486	67.5164
2487	67.337
2488	67.2856
2489	67.4217
2490	67.2804
2491	67.5135
2492	67.226
2493	67.1525
2494	67.3156
2495	67.3903
2496	67.5125
2497	67.4023
2498	67.3258
2499	67.2792
2500	67.1919
