Gen:	L_2
1	401.429
2	385.564
3	370.889
4	358.603
5	342.38
6	333.847
7	323.822
8	308.765
9	298.495
10	287.865
11	279.523
12	272.062
13	269.018
14	260.231
15	252.038
16	244.126
17	236.808
18	231.379
19	227.277
20	218.177
21	214.003
22	212.807
23	206.128
24	203.631
25	199.829
26	197.166
27	195.176
28	192.07
29	188.462
30	185.378
31	182.837
32	179.476
33	175.63
34	173.576
35	173.02
36	167.472
37	166.317
38	162.373
39	159.905
40	159.001
41	157.804
42	155.409
43	153.356
44	150.96
45	149.475
46	147.983
47	146.879
48	143.487
49	141.34
50	140.427
51	139.317
52	135.224
53	133.917
54	131.858
55	129.199
56	127.817
57	125.442
58	124.671
59	123.297
60	122.543
61	121.139
62	120.659
63	120.264
64	117.937
65	117.043
66	116.09
67	115.722
68	114.196
69	113.108
70	111.794
71	111.285
72	110.316
73	109.882
74	109.366
75	109.004
76	108.416
77	107.199
78	106.298
79	105.469
80	105.051
81	104.086
82	103.29
83	102.278
84	101.899
85	100.927
86	99.6627
87	99.3243
88	98.5168
89	97.6873
90	97.6873
91	96.7165
92	96.2118
93	95.3573
94	94.713
95	94.6976
96	93.8997
97	93.8997
98	93.584
99	93.584
100	93.584
101	92.8411
102	92.3135
103	91.8921
104	91.6149
105	91.0657
106	90.5657
107	89.8948
108	89.413
109	88.8311
110	88.7153
111	88.5434
112	87.7922
113	87.4986
114	87.4907
115	86.6533
116	85.9239
117	85.9187
118	85.1894
119	84.9062
120	84.8274
121	83.9033
122	83.5414
123	83.4146
124	83.1547
125	82.8305
126	82.1472
127	82.1472
128	81.5602
129	81.5602
130	81.1736
131	80.8871
132	80.8138
133	80.3666
134	80.2932
135	80.0769
136	80.0036
137	80.0036
138	80.0036
139	79.6693
140	79.5339
141	79.0543
142	78.7046
143	77.799
144	77.5788
145	77.4927
146	77.4927
147	77.3481
148	77.3481
149	77.2894
150	77.0337
151	76.8304
152	76.5926
153	76.4208
154	76.3038
155	76.0342
156	75.8876
157	75.7706
158	75.7118
159	75.7118
160	75.6227
161	75.6227
162	75.6009
163	75.1241
164	75.0702
165	75.0702
166	74.9745
167	74.9745
168	74.9745
169	74.9745
170	74.9745
171	74.9745
172	74.9745
173	74.9745
174	74.9745
175	74.9745
176	74.9745
177	74.9745
178	74.9745
179	74.9745
180	74.9745
181	74.9745
182	74.9745
183	74.9745
184	74.9745
185	74.618
186	74.618
187	74.618
188	74.618
189	74.618
190	74.618
191	74.618
192	74.618
193	74.5958
194	74.5958
195	74.5958
196	74.5791
197	74.5791
198	74.5532
199	74.5532
200	74.5175
201	74.5175
202	74.4545
203	74.4545
204	74.4545
205	74.4545
206	74.4545
207	74.3745
208	74.3745
209	74.3745
210	74.2973
211	74.2973
212	74.2973
213	74.2973
214	74.2973
215	74.2973
216	74.2973
217	74.2973
218	74.2973
219	74.2973
220	74.2973
221	73.9698
222	73.9698
223	73.9698
224	73.9698
225	73.9698
226	73.9698
227	73.7857
228	73.7857
229	73.7857
230	73.7857
231	73.7796
232	73.7796
233	73.7796
234	73.7796
235	73.7796
236	73.2332
237	73.2332
238	73.2332
239	73.2332
240	73.2332
241	72.9479
242	72.7315
243	72.7315
244	72.4227
245	72.2782
246	72.2782
247	72.2782
248	72.2782
249	72.2782
250	72.2782
251	72.2782
252	72.2782
253	72.2782
254	72.2782
255	72.2782
256	72.2782
257	72.2782
258	72.2782
259	72.2782
260	72.2782
261	72.2782
262	72.2782
263	72.2782
264	72.2782
265	72.2782
266	72.2782
267	72.2782
268	72.2782
269	72.2782
270	72.2782
271	72.2782
272	72.2782
273	72.2782
274	72.0879
275	72.0879
276	72.0879
277	72.0879
278	72.0879
279	72.0879
280	72.0879
281	72.0879
282	72.0879
283	72.0879
284	72.0879
285	72.0879
286	72.0879
287	72.0879
288	72.0879
289	72.0879
290	72.0879
291	72.0879
292	72.0879
293	72.0879
294	72.0879
295	72.0879
296	72.0879
297	72.0485
298	72.0485
299	72.0485
300	72.0485
301	72.0485
302	72.0485
303	72.0485
304	72.0485
305	72.0485
306	72.0485
307	72.0485
308	72.0485
309	72.0485
310	72.0485
311	72.0485
312	72.0485
313	72.0485
314	72.0485
315	72.0485
316	72.0485
317	72.0485
318	72.0485
319	72.0485
320	72.0485
321	72.0485
322	72.0485
323	72.0485
324	72.0485
325	72.0485
326	72.0485
327	71.9195
328	71.9195
329	71.9195
330	71.9195
331	71.9195
332	71.9195
333	71.9195
334	71.9195
335	71.9195
336	71.9195
337	71.9195
338	71.9195
339	71.9195
340	71.9195
341	71.9195
342	71.9195
343	71.9195
344	71.9195
345	71.9195
346	71.9195
347	71.8901
348	71.8901
349	71.8901
350	71.8901
351	71.8901
352	71.8901
353	71.8901
354	71.8901
355	71.8901
356	71.806
357	71.806
358	71.5404
359	71.5404
360	71.5404
361	71.3385
362	71.3385
363	71.3385
364	71.3385
365	71.3385
366	71.3385
367	71.3385
368	71.3385
369	71.3385
370	71.326
371	71.326
372	71.326
373	71.326
374	71.326
375	71.326
376	71.326
377	71.2844
378	71.2844
379	71.2844
380	71.2844
381	71.2844
382	71.2844
383	71.2844
384	71.2844
385	71.2844
386	71.2844
387	71.2844
388	71.2844
389	71.2844
390	70.9767
391	70.9767
392	70.8797
393	70.8797
394	70.8797
395	70.8797
396	70.8797
397	70.8797
398	70.8797
399	70.8797
400	70.8797
401	70.8797
402	70.8797
403	70.8797
404	70.8797
405	70.8797
406	70.8797
407	70.8797
408	70.776
409	70.776
410	70.776
411	70.776
412	70.776
413	70.776
414	70.776
415	70.776
416	70.776
417	70.776
418	70.776
419	70.776
420	70.776
421	70.2555
422	70.2555
423	70.1098
424	70.1098
425	70.1098
426	70.1098
427	70.1098
428	70.1098
429	70.1098
430	70.1098
431	70.1098
432	70.1098
433	70.1098
434	70.1098
435	70.1098
436	70.1098
437	70.1098
438	70.1098
439	70.1098
440	70.1098
441	70.1098
442	70.1098
443	70.1098
444	70.1098
445	70.1098
446	70.1098
447	70.1098
448	70.1098
449	70.1098
450	70.1098
451	70.1098
452	70.1098
453	70.1098
454	70.1098
455	70.1098
456	70.1098
457	70.1098
458	70.1098
459	70.1098
460	70.1098
461	70.1098
462	70.1098
463	70.1098
464	70.1098
465	70.1098
466	70.1098
467	70.1098
468	70.1098
469	70.1098
470	70.1098
471	70.1098
472	70.1098
473	70.1098
474	70.1098
475	70.1098
476	70.1098
477	70.1098
478	70.1098
479	70.1098
480	70.1098
481	70.1098
482	69.7924
483	69.7727
484	69.7727
485	69.6963
486	69.6963
487	69.6963
488	69.6963
489	69.6963
490	69.6963
491	69.6963
492	69.6963
493	69.6963
494	69.6963
495	69.6963
496	69.6963
497	69.6963
498	69.6963
499	69.6963
500	69.6963
501	69.6963
502	69.6963
503	69.6963
504	69.6963
505	69.6963
506	69.6963
507	69.6963
508	69.6963
509	69.6963
510	69.6963
511	69.6963
512	69.6963
513	69.6963
514	69.6963
515	69.6963
516	69.6963
517	69.6963
518	69.6963
519	69.6963
520	69.6963
521	69.6963
522	69.6963
523	69.6963
524	69.6963
525	69.6963
526	69.6963
527	69.6963
528	69.6963
529	69.6963
530	69.6963
531	69.6963
532	69.6963
533	69.6963
534	69.6963
535	69.6963
536	69.6963
537	69.6963
538	69.6963
539	69.6963
540	69.6963
541	69.6963
542	69.6963
543	69.6963
544	69.6963
545	69.6963
546	69.6963
547	69.6963
548	69.6963
549	69.6963
550	69.6963
551	69.6963
552	69.6963
553	69.6963
554	69.6963
555	68.9031
556	68.9031
557	68.9031
558	68.9031
559	68.9031
560	68.9031
561	68.9031
562	68.9031
563	68.9031
564	68.772
565	68.772
566	68.6095
567	68.6095
568	68.6095
569	68.6095
570	68.6095
571	68.6095
572	68.6095
573	68.6095
574	68.6095
575	68.6095
576	68.6095
577	68.6095
578	68.3802
579	68.3802
580	68.2756
581	67.9686
582	67.9408
583	67.5292
584	67.5292
585	67.5292
586	67.5292
587	67.5292
588	67.5292
589	67.5292
590	67.5292
591	67.5292
592	67.5292
593	67.4737
594	67.4737
595	67.4737
596	67.4737
597	67.4737
598	67.4737
599	67.4737
600	67.4737
601	67.4737
602	67.4737
603	67.4737
604	67.4737
605	67.4737
606	67.4737
607	67.4737
608	67.4737
609	67.4737
610	67.4737
611	67.4737
612	67.4737
613	67.4737
614	67.4737
615	67.4737
616	67.4737
617	67.4737
618	67.4737
619	67.4737
620	67.4535
621	67.4535
622	67.4535
623	67.4535
624	67.4535
625	67.4535
626	67.4535
627	67.4535
628	67.4292
629	67.4292
630	67.1855
631	67.1611
632	67.1611
633	67.1611
634	67.1611
635	67.1611
636	67.1611
637	67.1611
638	67.1611
639	67.1611
640	67.1611
641	67.1611
642	67.1611
643	67.1611
644	67.1611
645	67.1611
646	67.1611
647	67.1611
648	67.1611
649	67.1611
650	67.1611
651	67.1611
652	67.1611
653	67.1611
654	67.1611
655	67.1611
656	67.1611
657	67.1611
658	67.1611
659	67.1611
660	67.1611
661	67.1611
662	67.1611
663	67.1611
664	67.1611
665	67.1611
666	67.1611
667	67.1611
668	67.1611
669	67.1611
670	67.1611
671	67.1611
672	67.1611
673	67.1611
674	67.1611
675	67.1611
676	67.1611
677	67.1611
678	67.1611
679	67.1611
680	67.1611
681	67.1611
682	67.1611
683	67.1611
684	67.1611
685	67.0566
686	67.0566
687	67.0566
688	67.0566
689	67.0566
690	67.0566
691	67.0566
692	67.0566
693	67.0566
694	67.0566
695	67.0566
696	67.0566
697	67.0566
698	67.0566
699	67.0566
700	67.0566
701	67.0566
702	67.0566
703	67.0566
704	67.0566
705	67.0566
706	67.0566
707	67.0566
708	67.0566
709	67.0566
710	67.0566
711	67.0566
712	67.0566
713	67.0566
714	67.0566
715	67.0566
716	67.0566
717	67.0566
718	67.0566
719	67.0566
720	67.0566
721	67.0566
722	67.0566
723	67.0566
724	67.0566
725	67.0566
726	67.0566
727	67.0566
728	67.0566
729	67.0566
730	67.0566
731	67.0566
732	67.0566
733	67.0566
734	67.0566
735	67.0566
736	67.0566
737	67.0566
738	67.0566
739	67.0566
740	67.0566
741	67.0566
742	67.0566
743	67.0566
744	67.0566
745	67.0566
746	67.0566
747	67.0566
748	67.0566
749	67.0566
750	67.0566
751	67.0566
752	67.0566
753	67.0566
754	67.0566
755	67.0566
756	67.0566
757	67.0566
758	67.0566
759	67.0566
760	67.0566
761	67.0566
762	67.0566
763	67.0566
764	67.0566
765	67.0566
766	67.0566
767	67.0566
768	67.0566
769	67.0566
770	67.0566
771	67.0566
772	67.0566
773	67.0566
774	67.0566
775	67.0566
776	67.0566
777	67.0566
778	67.0566
779	67.0566
780	67.0566
781	67.0566
782	67.0566
783	67.0566
784	67.0566
785	67.0566
786	67.0566
787	67.0566
788	67.0566
789	67.0566
790	67.0566
791	67.0566
792	67.0566
793	67.0566
794	67.0566
795	67.0566
796	67.0566
797	67.0566
798	67.0566
799	67.0566
800	67.0566
801	67.0566
802	67.0566
803	67.0566
804	67.0566
805	67.0566
806	67.0566
807	67.0566
808	67.0566
809	67.0566
810	67.0566
811	67.0566
812	67.0566
813	67.0566
814	67.0566
815	67.0566
816	67.0566
817	67.0566
818	67.0566
819	67.0566
820	67.0566
821	67.0566
822	67.0566
823	67.0566
824	67.0566
825	67.0566
826	67.0566
827	67.0566
828	67.0566
829	67.0566
830	67.0566
831	67.0566
832	67.0566
833	67.0566
834	67.0566
835	67.0566
836	67.0566
837	67.0566
838	67.0566
839	67.0566
840	67.0566
841	67.0566
842	67.0566
843	67.0566
844	67.0566
845	67.0566
846	67.0566
847	67.0566
848	67.0566
849	67.0566
850	67.0566
851	67.0566
852	67.0566
853	67.0566
854	67.0566
855	67.0566
856	67.0566
857	67.0566
858	67.0566
859	67.0566
860	67.0566
861	67.0566
862	67.0566
863	67.0566
864	67.0566
865	67.0566
866	67.0566
867	67.0566
868	67.0566
869	67.0566
870	67.0566
871	67.0566
872	67.0566
873	67.0566
874	67.0566
875	67.0566
876	67.0566
877	67.0566
878	67.0566
879	67.0566
880	67.0566
881	67.0566
882	67.0566
883	67.0566
884	67.0566
885	67.0566
886	67.0566
887	67.0566
888	67.0566
889	67.0566
890	67.0566
891	67.0566
892	67.0566
893	67.0566
894	67.0566
895	67.0566
896	67.0566
897	67.0566
898	67.0566
899	67.0566
900	67.0566
901	67.0566
902	67.0566
903	67.0566
904	67.0566
905	67.0566
906	67.0566
907	67.0566
908	67.0566
909	67.0566
910	67.0566
911	67.0566
912	67.0566
913	67.0566
914	67.0566
915	67.0566
916	67.0566
917	67.0566
918	67.0566
919	67.0566
920	67.0566
921	67.0566
922	67.0566
923	67.0566
924	67.0566
925	67.0566
926	67.0566
927	67.0566
928	67.0566
929	67.0566
930	67.0566
931	67.0566
932	67.0566
933	67.0566
934	67.0566
935	67.0566
936	67.0566
937	67.0566
938	67.0566
939	67.0566
940	67.0566
941	67.0566
942	67.0566
943	67.0566
944	67.0566
945	67.0566
946	67.0566
947	67.0566
948	67.0566
949	67.0566
950	67.0566
951	67.0566
952	67.0566
953	67.0566
954	67.0566
955	67.0566
956	67.0566
957	67.0566
958	67.0566
959	67.0566
960	67.0566
961	67.0566
962	67.0566
963	67.0566
964	67.0566
965	67.0566
966	67.0566
967	67.0566
968	67.0566
969	67.0566
970	67.0566
971	67.0566
972	66.966
973	66.966
974	66.966
975	66.966
976	66.966
977	66.966
978	66.966
979	66.966
980	66.966
981	66.966
982	66.966
983	66.966
984	66.966
985	66.966
986	66.966
987	66.966
988	66.966
989	66.966
990	66.966
991	66.966
992	66.966
993	66.966
994	66.966
995	66.966
996	66.966
997	66.966
998	66.966
999	66.966
1000	66.966
1001	66.966
1002	66.966
1003	66.966
1004	66.966
1005	66.966
1006	66.966
1007	66.966
1008	66.966
1009	66.966
1010	66.966
1011	66.966
1012	66.966
1013	66.966
1014	66.966
1015	66.966
1016	66.966
1017	66.966
1018	66.966
1019	66.966
1020	66.966
1021	66.966
1022	66.966
1023	66.966
1024	66.966
1025	66.966
1026	66.966
1027	66.966
1028	66.966
1029	66.966
1030	66.966
1031	66.966
1032	66.966
1033	66.966
1034	66.966
1035	66.966
1036	66.966
1037	66.966
1038	66.966
1039	66.966
1040	66.966
1041	66.966
1042	66.966
1043	66.966
1044	66.966
1045	66.966
1046	66.966
1047	66.966
1048	66.966
1049	66.966
1050	66.966
1051	66.966
1052	66.966
1053	66.966
1054	66.966
1055	66.966
1056	66.966
1057	66.966
1058	66.966
1059	66.966
1060	66.966
1061	66.966
1062	66.966
1063	66.966
1064	66.966
1065	66.966
1066	66.966
1067	66.966
1068	66.966
1069	66.966
1070	66.966
1071	66.966
1072	66.966
1073	66.966
1074	66.966
1075	66.966
1076	66.966
1077	66.966
1078	66.966
1079	66.966
1080	66.966
1081	66.966
1082	66.966
1083	66.966
1084	66.966
1085	66.966
1086	66.966
1087	66.966
1088	66.966
1089	66.966
1090	66.966
1091	66.966
1092	66.966
1093	66.966
1094	66.966
1095	66.966
1096	66.966
1097	66.966
1098	66.966
1099	66.966
1100	66.966
1101	66.966
1102	66.966
1103	66.966
1104	66.966
1105	66.966
1106	66.966
1107	66.966
1108	66.966
1109	66.966
1110	66.966
1111	66.966
1112	66.966
1113	66.966
1114	66.966
1115	66.966
1116	66.966
1117	66.966
1118	66.966
1119	66.966
1120	66.966
1121	66.966
1122	66.966
1123	66.966
1124	66.966
1125	66.966
1126	66.966
1127	66.966
1128	66.966
1129	66.966
1130	66.966
1131	66.966
1132	66.966
1133	66.966
1134	66.966
1135	66.966
1136	66.966
1137	66.966
1138	66.966
1139	66.966
1140	66.966
1141	66.966
1142	66.966
1143	66.966
1144	66.966
1145	66.966
1146	66.966
1147	66.966
1148	66.966
1149	66.966
1150	66.966
1151	66.966
1152	66.966
1153	66.966
1154	66.966
1155	66.966
1156	66.966
1157	66.966
1158	66.966
1159	66.966
1160	66.966
1161	66.966
1162	66.966
1163	66.966
1164	66.966
1165	66.966
1166	66.966
1167	66.966
1168	66.966
1169	66.966
1170	66.966
1171	66.966
1172	66.966
1173	66.966
1174	66.966
1175	66.966
1176	66.966
1177	66.966
1178	66.966
1179	66.966
1180	66.966
1181	66.966
1182	66.966
1183	66.966
1184	66.966
1185	66.966
1186	66.966
1187	66.966
1188	66.966
1189	66.966
1190	66.966
1191	66.966
1192	66.966
1193	66.966
1194	66.966
1195	66.966
1196	66.966
1197	66.966
1198	66.966
1199	66.966
1200	66.966
1201	66.966
1202	66.966
1203	66.966
1204	66.966
1205	66.966
1206	66.966
1207	66.966
1208	66.966
1209	66.966
1210	66.966
1211	66.966
1212	66.966
1213	66.966
1214	66.966
1215	66.966
1216	66.966
1217	66.966
1218	66.966
1219	66.966
1220	66.966
1221	66.966
1222	66.966
1223	66.966
1224	66.966
1225	66.966
1226	66.966
1227	66.966
1228	66.966
1229	66.966
1230	66.966
1231	66.966
1232	66.966
1233	66.966
1234	66.966
1235	66.966
1236	66.966
1237	66.966
1238	66.966
1239	66.966
1240	66.966
1241	66.966
1242	66.966
1243	66.966
1244	66.966
1245	66.966
1246	66.966
1247	66.966
1248	66.966
1249	66.966
1250	66.966
1251	66.966
1252	66.966
1253	66.966
1254	66.966
1255	66.966
1256	66.966
1257	66.966
1258	66.966
1259	66.966
1260	66.966
1261	66.966
1262	66.966
1263	66.966
1264	66.966
1265	66.966
1266	66.966
1267	66.966
1268	66.966
1269	66.966
1270	66.966
1271	66.966
1272	66.966
1273	66.966
1274	66.966
1275	66.966
1276	66.966
1277	66.966
1278	66.966
1279	66.966
1280	66.966
1281	66.966
1282	66.966
1283	66.966
1284	66.966
1285	66.966
1286	66.966
1287	66.966
1288	66.966
1289	66.966
1290	66.966
1291	66.966
1292	66.966
1293	66.966
1294	66.966
1295	66.966
1296	66.966
1297	66.966
1298	66.966
1299	66.966
1300	66.966
1301	66.966
1302	66.966
1303	66.966
1304	66.966
1305	66.966
1306	66.966
1307	66.966
1308	66.966
1309	66.966
1310	66.966
1311	66.966
1312	66.966
1313	66.966
1314	66.966
1315	66.966
1316	66.966
1317	66.966
1318	66.966
1319	66.966
1320	66.966
1321	66.966
1322	66.966
1323	66.966
1324	66.966
1325	66.966
1326	66.966
1327	66.966
1328	66.966
1329	66.966
1330	66.966
1331	66.966
1332	66.8808
1333	66.8808
1334	66.8808
1335	66.8808
1336	66.8808
1337	66.8808
1338	66.8808
1339	66.8808
1340	66.8808
1341	66.8808
1342	66.8808
1343	66.8808
1344	66.8808
1345	66.8808
1346	66.8808
1347	66.8808
1348	66.8808
1349	66.8808
1350	66.8808
1351	66.8808
1352	66.8808
1353	66.8808
1354	66.8808
1355	66.8808
1356	66.8808
1357	66.8808
1358	66.8808
1359	66.8808
1360	66.8808
1361	66.8808
1362	66.8808
1363	66.8808
1364	66.8808
1365	66.8808
1366	66.8808
1367	66.8808
1368	66.8808
1369	66.8808
1370	66.8808
1371	66.8808
1372	66.8808
1373	66.8808
1374	66.8808
1375	66.8808
1376	66.8808
1377	66.8808
1378	66.8808
1379	66.8808
1380	66.8808
1381	66.8808
1382	66.8808
1383	66.8808
1384	66.8808
1385	66.8808
1386	66.8808
1387	66.8808
1388	66.8808
1389	66.8808
1390	66.8808
1391	66.8808
1392	66.8808
1393	66.8808
1394	66.8808
1395	66.8808
1396	66.8808
1397	66.8808
1398	66.8808
1399	66.8808
1400	66.8808
1401	66.8808
1402	66.8808
1403	66.8808
1404	66.8808
1405	66.8808
1406	66.8808
1407	66.8808
1408	66.8808
1409	66.8808
1410	66.8808
1411	66.8808
1412	66.8808
1413	66.8808
1414	66.8808
1415	66.8808
1416	66.8808
1417	66.8808
1418	66.8808
1419	66.8808
1420	66.8808
1421	66.8808
1422	66.8808
1423	66.8808
1424	66.8808
1425	66.8808
1426	66.8808
1427	66.8808
1428	66.8808
1429	66.8808
1430	66.8808
1431	66.8808
1432	66.8808
1433	66.8808
1434	66.8808
1435	66.8808
1436	66.8808
1437	66.8808
1438	66.8808
1439	66.8808
1440	66.8808
1441	66.8808
1442	66.8808
1443	66.8808
1444	66.8808
1445	66.8808
1446	66.8808
1447	66.8808
1448	66.8808
1449	66.8808
1450	66.8808
1451	66.8808
1452	66.8808
1453	66.8808
1454	66.8808
1455	66.8808
1456	66.8808
1457	66.8808
1458	66.8808
1459	66.8808
1460	66.8808
1461	66.8808
1462	66.8808
1463	66.8808
1464	66.8808
1465	66.8808
1466	66.8808
1467	66.8808
1468	66.8808
1469	66.8808
1470	66.8808
1471	66.8808
1472	66.8808
1473	66.8808
1474	66.8808
1475	66.8808
1476	66.8808
1477	66.8808
1478	66.8808
1479	66.8808
1480	66.8808
1481	66.8808
1482	66.8808
1483	66.8808
1484	66.8808
1485	66.8808
1486	66.8808
1487	66.8808
1488	66.8808
1489	66.8808
1490	66.8808
1491	66.8808
1492	66.8808
1493	66.8808
1494	66.8808
1495	66.8808
1496	66.8808
1497	66.8808
1498	66.8808
1499	66.8808
1500	66.8808
1501	66.8808
1502	66.8808
1503	66.8808
1504	66.8808
1505	66.8808
1506	66.8808
1507	66.8808
1508	66.8808
1509	66.8808
1510	66.8808
1511	66.8808
1512	66.8808
1513	66.8808
1514	66.8808
1515	66.8808
1516	66.8808
1517	66.8808
1518	66.8808
1519	66.8808
1520	66.8808
1521	66.8808
1522	66.8808
1523	66.8808
1524	66.8808
1525	66.8808
1526	66.8808
1527	66.8808
1528	66.8808
1529	66.8808
1530	66.8808
1531	66.8808
1532	66.8808
1533	66.8808
1534	66.8808
1535	66.8808
1536	66.8808
1537	66.8808
1538	66.8808
1539	66.8808
1540	66.8808
1541	66.8808
1542	66.8808
1543	66.8808
1544	66.8808
1545	66.8808
1546	66.8808
1547	66.8808
1548	66.8808
1549	66.8808
1550	66.8808
1551	66.8808
1552	66.8808
1553	66.8808
1554	66.8808
1555	66.8808
1556	66.8808
1557	66.8808
1558	66.8808
1559	66.8808
1560	66.8808
1561	66.8808
1562	66.8808
1563	66.8808
1564	66.8808
1565	66.8808
1566	66.8808
1567	66.8808
1568	66.8808
1569	66.8808
1570	66.8808
1571	66.8808
1572	66.8808
1573	66.8808
1574	66.8808
1575	66.8808
1576	66.8808
1577	66.8808
1578	66.8808
1579	66.8808
1580	66.8808
1581	66.8808
1582	66.8808
1583	66.8808
1584	66.8808
1585	66.8808
1586	66.8808
1587	66.8808
1588	66.8808
1589	66.8808
1590	66.8808
1591	66.8808
1592	66.8808
1593	66.8808
1594	66.8808
1595	66.8808
1596	66.8808
1597	66.8808
1598	66.8808
1599	66.8808
1600	66.8808
1601	66.8808
1602	66.8808
1603	66.8808
1604	66.8808
1605	66.8808
1606	66.8808
1607	66.8808
1608	66.8808
1609	66.8808
1610	66.8808
1611	66.8808
1612	66.8808
1613	66.8808
1614	66.8808
1615	66.8808
1616	66.8808
1617	66.8808
1618	66.8808
1619	66.8808
1620	66.8808
1621	66.8808
1622	66.8808
1623	66.8808
1624	66.8808
1625	66.8808
1626	66.8808
1627	66.8808
1628	66.8808
1629	66.8808
1630	66.8808
1631	66.8808
1632	66.8808
1633	66.8808
1634	66.8808
1635	66.8808
1636	66.8808
1637	66.8808
1638	66.8808
1639	66.8808
1640	66.8808
1641	66.8808
1642	66.8808
1643	66.8808
1644	66.8808
1645	66.8808
1646	66.8808
1647	66.8808
1648	66.8808
1649	66.8808
1650	66.8808
1651	66.8808
1652	66.8808
1653	66.8808
1654	66.8808
1655	66.8808
1656	66.8808
1657	66.8808
1658	66.8808
1659	66.8808
1660	66.8808
1661	66.8808
1662	66.8808
1663	66.8808
1664	66.8808
1665	66.8808
1666	66.8808
1667	66.8808
1668	66.8808
1669	66.8808
1670	66.8808
1671	66.8808
1672	66.8808
1673	66.8808
1674	66.8808
1675	66.8808
1676	66.8808
1677	66.8808
1678	66.8808
1679	66.8808
1680	66.8808
1681	66.8808
1682	66.8808
1683	66.8808
1684	66.8808
1685	66.8808
1686	66.8808
1687	66.8808
1688	66.8808
1689	66.8808
1690	66.8808
1691	66.8808
1692	66.8808
1693	66.8808
1694	66.8808
1695	66.8808
1696	66.8808
1697	66.8808
1698	66.8808
1699	66.8808
1700	66.8808
1701	66.8808
1702	66.8808
1703	66.8808
1704	66.8808
1705	66.8808
1706	66.8808
1707	66.8808
1708	66.8808
1709	66.8808
1710	66.8808
1711	66.8808
1712	66.8808
1713	66.8808
1714	66.8808
1715	66.8808
1716	66.8808
1717	66.8808
1718	66.8808
1719	66.8808
1720	66.8808
1721	66.8808
1722	66.8808
1723	66.8808
1724	66.8808
1725	66.8808
1726	66.8808
1727	66.8808
1728	66.8808
1729	66.8808
1730	66.8808
1731	66.8808
1732	66.8808
1733	66.8808
1734	66.8808
1735	66.8808
1736	66.8808
1737	66.8808
1738	66.8808
1739	66.8808
1740	66.8808
1741	66.8808
1742	66.8808
1743	66.8808
1744	66.8808
1745	66.8808
1746	66.8808
1747	66.8808
1748	66.8808
1749	66.8808
1750	66.8808
1751	66.8808
1752	66.8808
1753	66.8808
1754	66.8808
1755	66.8808
1756	66.8808
1757	66.8808
1758	66.8808
1759	66.8808
1760	66.8808
1761	66.8808
1762	66.8808
1763	66.8808
1764	66.8808
1765	66.8808
1766	66.8808
1767	66.8808
1768	66.8808
1769	66.8808
1770	66.8808
1771	66.8808
1772	66.8808
1773	66.8808
1774	66.8808
1775	66.8808
1776	66.8808
1777	66.8808
1778	66.8808
1779	66.8808
1780	66.8808
1781	66.8808
1782	66.8808
1783	66.8808
1784	66.8808
1785	66.8808
1786	66.8808
1787	66.8808
1788	66.8808
1789	66.8808
1790	66.8808
1791	66.8808
1792	66.8808
1793	66.8808
1794	66.8808
1795	66.8808
1796	66.8808
1797	66.8808
1798	66.8808
1799	66.8808
1800	66.8808
1801	66.8808
1802	66.8808
1803	66.8808
1804	66.8808
1805	66.8808
1806	66.8808
1807	66.8808
1808	66.8808
1809	66.8808
1810	66.8808
1811	66.8808
1812	66.8808
1813	66.8808
1814	66.8808
1815	66.8808
1816	66.8808
1817	66.8808
1818	66.8808
1819	66.8808
1820	66.8808
1821	66.8808
1822	66.8808
1823	66.8808
1824	66.8808
1825	66.8808
1826	66.8808
1827	66.8808
1828	66.8808
1829	66.8808
1830	66.8808
1831	66.8808
1832	66.8808
1833	66.8808
1834	66.8808
1835	66.8808
1836	66.8808
1837	66.8808
1838	66.8808
1839	66.8808
1840	66.8808
1841	66.8808
1842	66.8808
1843	66.8808
1844	66.8808
1845	66.8808
1846	66.8808
1847	66.8808
1848	66.8808
1849	66.8808
1850	66.8808
1851	66.8808
1852	66.8808
1853	66.8808
1854	66.8808
1855	66.8808
1856	66.8808
1857	66.8808
1858	66.8808
1859	66.8808
1860	66.8808
1861	66.8808
1862	66.8808
1863	66.8808
1864	66.8808
1865	66.8808
1866	66.8808
1867	66.8808
1868	66.8808
1869	66.8808
1870	66.8808
1871	66.8808
1872	66.8808
1873	66.8808
1874	66.8808
1875	66.8808
1876	66.8808
1877	66.8808
1878	66.8808
1879	66.8808
1880	66.8808
1881	66.8808
1882	66.8808
1883	66.8808
1884	66.8808
1885	66.8808
1886	66.8808
1887	66.8808
1888	66.8808
1889	66.8808
1890	66.8808
1891	66.8808
1892	66.8808
1893	66.8808
1894	66.8808
1895	66.8808
1896	66.8808
1897	66.8808
1898	66.8808
1899	66.8808
1900	66.8808
1901	66.8808
1902	66.8808
1903	66.8808
1904	66.8808
1905	66.8808
1906	66.8808
1907	66.8808
1908	66.8808
1909	66.8808
1910	66.8808
1911	66.8808
1912	66.8808
1913	66.8808
1914	66.8808
1915	66.8808
1916	66.8808
1917	66.8808
1918	66.8808
1919	66.8808
1920	66.8808
1921	66.8808
1922	66.8808
1923	66.8808
1924	66.8808
1925	66.8808
1926	66.8808
1927	66.8808
1928	66.8808
1929	66.8808
1930	66.8808
1931	66.8808
1932	66.8808
1933	66.8808
1934	66.8808
1935	66.8808
1936	66.8808
1937	66.8808
1938	66.8808
1939	66.8808
1940	66.8808
1941	66.8808
1942	66.8808
1943	66.8808
1944	66.8808
1945	66.8808
1946	66.8808
1947	66.8808
1948	66.8808
1949	66.8808
1950	66.8808
1951	66.8808
1952	66.8808
1953	66.8808
1954	66.8808
1955	66.8808
1956	66.8808
1957	66.8808
1958	66.8808
1959	66.8808
1960	66.8808
1961	66.8808
1962	66.8808
1963	66.8808
1964	66.8808
1965	66.8808
1966	66.8808
1967	66.8808
1968	66.8808
1969	66.8808
1970	66.8808
1971	66.8808
1972	66.8808
1973	66.8808
1974	66.8808
1975	66.8808
1976	66.8808
1977	66.8808
1978	66.8808
1979	66.8808
1980	66.8808
1981	66.8808
1982	66.8808
1983	66.8808
1984	66.8808
1985	66.8808
1986	66.8808
1987	66.8808
1988	66.8808
1989	66.8808
1990	66.8808
1991	66.8808
1992	66.8808
1993	66.8808
1994	66.8808
1995	66.8808
1996	66.8808
1997	66.8808
1998	66.8808
1999	66.8808
2000	66.8808
2001	66.8808
2002	66.8808
2003	66.8808
2004	66.8808
2005	66.8808
2006	66.8808
2007	66.8808
2008	66.8808
2009	66.8808
2010	66.8808
2011	66.8808
2012	66.8808
2013	66.8808
2014	66.8808
2015	66.8808
2016	66.8808
2017	66.8808
2018	66.8808
2019	66.8808
2020	66.8808
2021	66.8808
2022	66.8808
2023	66.8808
2024	66.8808
2025	66.8808
2026	66.8808
2027	66.8808
2028	66.8808
2029	66.8808
2030	66.8808
2031	66.8808
2032	66.8808
2033	66.8808
2034	66.8808
2035	66.8808
2036	66.8808
2037	66.8808
2038	66.8808
2039	66.8808
2040	66.8808
2041	66.8808
2042	66.8808
2043	66.8808
2044	66.8808
2045	66.8808
2046	66.8808
2047	66.8808
2048	66.8808
2049	66.8808
2050	66.8808
2051	66.8808
2052	66.8808
2053	66.8808
2054	66.8808
2055	66.8808
2056	66.8808
2057	66.8808
2058	66.8808
2059	66.8808
2060	66.8808
2061	66.8808
2062	66.8808
2063	66.8808
2064	66.8808
2065	66.8808
2066	66.8808
2067	66.8808
2068	66.8808
2069	66.8808
2070	66.8808
2071	66.8808
2072	66.8808
2073	66.8808
2074	66.8808
2075	66.8808
2076	66.8808
2077	66.8808
2078	66.8808
2079	66.8808
2080	66.8808
2081	66.8808
2082	66.8808
2083	66.8808
2084	66.8808
2085	66.8808
2086	66.8808
2087	66.8808
2088	66.8808
2089	66.8808
2090	66.8808
2091	66.8808
2092	66.8808
2093	66.8808
2094	66.8808
2095	66.8808
2096	66.8808
2097	66.8808
2098	66.8808
2099	66.8808
2100	66.8808
2101	66.8808
2102	66.8808
2103	66.8808
2104	66.8808
2105	66.8808
2106	66.8808
2107	66.8808
2108	66.8808
2109	66.8808
2110	66.8808
2111	66.8808
2112	66.8808
2113	66.8808
2114	66.8808
2115	66.8808
2116	66.8808
2117	66.8808
2118	66.8808
2119	66.8808
2120	66.8808
2121	66.8808
2122	66.8808
2123	66.8808
2124	66.8808
2125	66.8808
2126	66.8808
2127	66.8808
2128	66.8808
2129	66.8808
2130	66.8808
2131	66.8808
2132	66.8808
2133	66.8808
2134	66.8808
2135	66.8808
2136	66.8808
2137	66.8808
2138	66.8808
2139	66.8808
2140	66.8808
2141	66.8808
2142	66.8808
2143	66.8808
2144	66.8808
2145	66.8808
2146	66.8808
2147	66.8808
2148	66.8808
2149	66.8808
2150	66.8808
2151	66.8808
2152	66.8782
2153	66.8782
2154	66.8782
2155	66.6546
2156	66.6546
2157	66.6546
2158	66.6546
2159	66.6546
2160	66.6546
2161	66.6546
2162	66.6546
2163	66.6546
2164	66.6546
2165	66.6546
2166	66.6546
2167	66.6546
2168	66.6546
2169	66.6546
2170	66.6546
2171	66.6546
2172	66.6546
2173	66.6546
2174	66.6546
2175	66.6546
2176	66.6546
2177	66.6546
2178	66.6546
2179	66.6546
2180	66.6546
2181	66.6546
2182	66.6546
2183	66.6546
2184	66.6546
2185	66.6546
2186	66.6546
2187	66.6546
2188	66.6546
2189	66.6546
2190	66.6546
2191	66.6546
2192	66.6546
2193	66.6546
2194	66.6546
2195	66.6546
2196	66.6546
2197	66.6546
2198	66.6546
2199	66.6546
2200	66.6546
2201	66.6546
2202	66.6546
2203	66.6546
2204	66.6546
2205	66.6546
2206	66.6546
2207	66.6546
2208	66.6546
2209	66.6546
2210	66.6546
2211	66.6546
2212	66.6546
2213	66.6546
2214	66.6546
2215	66.6546
2216	66.6546
2217	66.6546
2218	66.6546
2219	66.6546
2220	66.6546
2221	66.6546
2222	66.6546
2223	66.6546
2224	66.6546
2225	66.6546
2226	66.6546
2227	66.6546
2228	66.6546
2229	66.6546
2230	66.6546
2231	66.6546
2232	66.6546
2233	66.6546
2234	66.6546
2235	66.6546
2236	66.6546
2237	66.6546
2238	66.6546
2239	66.6546
2240	66.6546
2241	66.6546
2242	66.6546
2243	66.6546
2244	66.6546
2245	66.6546
2246	66.6546
2247	66.6546
2248	66.6546
2249	66.6546
2250	66.6546
2251	66.6546
2252	66.6546
2253	66.6546
2254	66.6546
2255	66.6546
2256	66.6546
2257	66.6546
2258	66.6546
2259	66.6546
2260	66.6546
2261	66.6546
2262	66.6546
2263	66.6546
2264	66.6546
2265	66.6546
2266	66.6546
2267	66.6546
2268	66.6546
2269	66.6546
2270	66.6546
2271	66.6546
2272	66.6546
2273	66.6546
2274	66.6546
2275	66.6546
2276	66.6546
2277	66.6546
2278	66.6546
2279	66.6546
2280	66.6546
2281	66.6546
2282	66.6546
2283	66.6546
2284	66.6546
2285	66.6546
2286	66.6546
2287	66.6546
2288	66.6546
2289	66.6546
2290	66.6546
2291	66.6546
2292	66.6546
2293	66.6546
2294	66.6546
2295	66.6546
2296	66.6546
2297	66.6546
2298	66.6546
2299	66.6546
2300	66.6546
2301	66.6546
2302	66.6546
2303	66.6546
2304	66.6546
2305	66.6546
2306	66.6546
2307	66.6546
2308	66.6546
2309	66.6546
2310	66.6546
2311	66.6546
2312	66.6546
2313	66.6546
2314	66.6546
2315	66.6546
2316	66.6546
2317	66.6546
2318	66.6546
2319	66.6546
2320	66.6546
2321	66.6546
2322	66.6546
2323	66.6546
2324	66.6546
2325	66.6546
2326	66.6546
2327	66.6546
2328	66.6546
2329	66.6546
2330	66.6546
2331	66.6546
2332	66.6546
2333	66.6546
2334	66.6546
2335	66.6546
2336	66.6546
2337	66.6546
2338	66.6546
2339	66.6546
2340	66.6546
2341	66.6546
2342	66.6546
2343	66.6546
2344	66.6546
2345	66.6546
2346	66.6546
2347	66.6546
2348	66.6546
2349	66.6546
2350	66.6546
2351	66.6546
2352	66.6546
2353	66.6546
2354	66.6546
2355	66.6546
2356	66.6546
2357	66.6546
2358	66.6546
2359	66.6546
2360	66.6546
2361	66.6546
2362	66.6546
2363	66.6546
2364	66.6546
2365	66.6546
2366	66.6546
2367	66.6546
2368	66.6546
2369	66.6546
2370	66.6546
2371	66.6546
2372	66.6546
2373	66.6546
2374	66.6546
2375	66.6546
2376	66.6546
2377	66.6546
2378	66.6546
2379	66.6546
2380	66.6546
2381	66.6546
2382	66.6546
2383	66.6546
2384	66.6546
2385	66.6546
2386	66.6546
2387	66.6546
2388	66.6546
2389	66.6546
2390	66.6546
2391	66.6546
2392	66.6546
2393	66.6546
2394	66.6546
2395	66.6546
2396	66.6546
2397	66.6546
2398	66.6546
2399	66.6546
2400	66.6546
2401	66.6546
2402	66.6546
2403	66.6546
2404	66.6546
2405	66.6546
2406	66.6546
2407	66.6546
2408	66.6546
2409	66.6546
2410	66.6546
2411	66.6546
2412	66.6546
2413	66.6546
2414	66.6546
2415	66.6546
2416	66.6546
2417	66.6546
2418	66.6546
2419	66.6546
2420	66.6546
2421	66.6546
2422	66.6546
2423	66.6546
2424	66.6546
2425	66.6546
2426	66.6546
2427	66.6546
2428	66.6546
2429	66.6546
2430	66.6546
2431	66.6546
2432	66.6546
2433	66.6546
2434	66.6546
2435	66.6546
2436	66.6546
2437	66.6546
2438	66.6546
2439	66.6546
2440	66.6546
2441	66.6546
2442	66.6546
2443	66.6546
2444	66.6546
2445	66.6546
2446	66.6546
2447	66.6546
2448	66.6546
2449	66.6546
2450	66.6546
2451	66.6546
2452	66.6546
2453	66.6546
2454	66.6546
2455	66.6546
2456	66.6546
2457	66.6546
2458	66.6546
2459	66.6546
2460	66.6546
2461	66.6546
2462	66.6546
2463	66.6546
2464	66.6546
2465	66.6546
2466	66.6546
2467	66.6546
2468	66.6546
2469	66.6546
2470	66.6546
2471	66.6546
2472	66.6546
2473	66.6546
2474	66.6546
2475	66.6546
2476	66.6546
2477	66.6546
2478	66.6546
2479	66.6546
2480	66.6546
2481	66.6546
2482	66.6546
2483	66.6546
2484	66.6546
2485	66.6546
2486	66.6546
2487	66.6546
2488	66.6546
2489	66.6546
2490	66.6546
2491	66.6546
2492	66.6546
2493	66.6546
2494	66.6546
2495	66.6546
2496	66.6546
2497	66.6546
2498	66.6546
2499	66.6546
2500	66.6546
