Gen:	<L_2>
0	509.523
1	451.257
2	415.795
3	395.604
4	380.62
5	360.01
6	347.352
7	337.104
8	326.437
9	318.013
10	308.074
11	295.825
12	286.879
13	279.573
14	272.803
15	265.641
16	257.223
17	250.664
18	245.086
19	239.907
20	234.28
21	229.96
22	225.593
23	222.265
24	219.497
25	216.032
26	211.483
27	207.175
28	204.025
29	200.86
30	196.671
31	192.575
32	188.504
33	185.382
34	182.418
35	179.472
36	176.503
37	173.894
38	172.113
39	170.413
40	168.844
41	166.9
42	164.89
43	162.811
44	161.891
45	161.628
46	161.134
47	158.143
48	155.941
49	153.478
50	152.09
51	150.229
52	149.193
53	148.928
54	147.408
55	144.989
56	142.61
57	140.638
58	138.963
59	137.454
60	135.72
61	135.162
62	134.26
63	132.139
64	130.489
65	129.674
66	128.013
67	124.859
68	122.555
69	120.863
70	119.928
71	119.089
72	117.927
73	116.5
74	113.805
75	111.528
76	110.469
77	110.16
78	109.9
79	108.377
80	108.5
81	109.019
82	107.427
83	107.492
84	106.917
85	104.972
86	104.032
87	102.905
88	103.274
89	103.599
90	103.963
91	103.627
92	103.046
93	102.557
94	101.931
95	100.559
96	99.1639
97	98.7704
98	98.7001
99	97.7882
100	96.6942
101	95.4178
102	94.2419
103	93.4461
104	92.6394
105	92.3834
106	92.0775
107	91.4277
108	90.5917
109	89.3357
110	88.5242
111	88.3967
112	87.4425
113	86.7988
114	86.3221
115	86.2987
116	86.1221
117	85.9057
118	86.5422
119	86.8916
120	86.1658
121	85.7829
122	85.4846
123	84.7027
124	84.3012
125	83.7606
126	83.8369
127	83.8194
128	83.5094
129	83.238
130	83.0755
131	83.7616
132	83.9818
133	83.5538
134	83.264
135	82.9588
136	82.5071
137	82.2383
138	81.98
139	81.7157
140	81.4076
141	81.4713
142	81.0649
143	81.2888
144	80.8808
145	81.1737
146	81.581
147	82.0385
148	81.7954
149	81.2332
150	81.2689
151	81.3853
152	80.7426
153	79.9915
154	79.5486
155	79.2564
156	78.9197
157	79.2679
158	78.4237
159	78.0377
160	77.9081
161	77.6183
162	77.5089
163	77.3007
164	77.0549
165	76.9438
166	76.736
167	77.5247
168	78.0907
169	77.5618
170	76.9967
171	76.2083
172	75.9431
173	75.7777
174	75.8416
175	76.0439
176	75.8961
177	75.3159
178	75.2344
179	75.297
180	75.6558
181	75.403
182	75.1662
183	75.2829
184	75.365
185	75.3617
186	74.9796
187	75.0465
188	75.1062
189	74.8964
190	74.9308
191	74.8788
192	74.761
193	74.8227
194	75.0614
195	75.1858
196	74.8539
197	75.149
198	74.9273
199	75.0539
200	74.9195
201	74.7717
202	74.4703
203	74.5682
204	74.3824
205	73.9533
206	74.052
207	73.952
208	73.9846
209	74.0134
210	74.2089
211	74.0246
212	74.1563
213	73.7524
214	73.9186
215	74.0047
216	73.9331
217	73.8819
218	74.1649
219	73.845
220	73.7344
221	73.7311
222	73.8681
223	74.1031
224	73.6312
225	73.8939
226	73.7787
227	73.8257
228	73.5127
229	73.4565
230	73.6449
231	73.3047
232	73.3751
233	73.3862
234	73.4941
235	73.5083
236	73.5489
237	73.312
238	73.4406
239	73.5822
240	73.3157
241	73.5171
242	73.4856
243	73.1028
244	73.3995
245	73.5791
246	73.3307
247	73.4338
248	73.551
249	73.3509
250	73.4895
251	73.5283
252	73.3915
253	73.3592
254	73.4609
255	73.3864
256	73.4864
257	73.3369
258	73.3968
259	73.614
260	73.3619
261	73.0266
262	73.1923
263	73.4178
264	73.2971
265	73.485
266	73.2293
267	73.5065
268	73.3191
269	73.5127
270	73.4238
271	73.3821
272	73.4037
273	73.7221
274	73.4329
275	73.3334
276	73.356
277	73.426
278	73.4316
279	73.3676
280	72.9439
281	72.9784
282	72.9668
283	73.2168
284	72.9213
285	72.991
286	72.8978
287	72.8133
288	72.8906
289	72.883
290	72.8377
291	72.8935
292	72.8675
293	72.8839
294	72.8727
295	72.9536
296	73.1004
297	72.8013
298	72.9373
299	73.1525
300	73.2695
301	73.0758
302	73.0795
303	73.0692
304	73.0343
305	72.8156
306	72.754
307	72.8347
308	72.7637
309	72.8265
310	72.9925
311	73.0945
312	73.0912
313	72.8168
314	73.1118
315	73.0736
316	72.9474
317	72.878
318	73.0781
319	72.8642
320	72.8446
321	73.0545
322	72.7117
323	72.8467
324	72.8257
325	72.9894
326	72.6978
327	72.2977
328	71.9864
329	71.7071
330	71.5876
331	71.6066
332	71.7112
333	71.5701
334	71.7955
335	71.4189
336	71.5025
337	71.2815
338	71.3681
339	71.3004
340	71.7934
341	71.6905
342	71.4824
343	71.4749
344	71.3878
345	71.7602
346	71.6443
347	71.4694
348	71.2437
349	71.413
350	71.5816
351	71.5958
352	71.7392
353	71.7196
354	71.52
355	71.5342
356	71.5628
357	71.6651
358	71.396
359	71.5009
360	71.6205
361	71.5544
362	71.5868
363	71.5476
364	71.6949
365	71.7036
366	71.2684
367	71.6555
368	71.955
369	71.4474
370	71.558
371	71.6972
372	71.8732
373	71.5256
374	71.4337
375	71.5902
376	71.5216
377	72.0191
378	71.6129
379	71.3378
380	71.3464
381	71.307
382	71.6871
383	71.6168
384	71.4896
385	71.5496
386	71.3234
387	71.7267
388	71.9518
389	71.437
390	71.3824
391	71.4688
392	71.614
393	71.4576
394	71.452
395	71.5107
396	71.6908
397	71.7234
398	71.6492
399	71.4489
400	71.4707
401	71.3201
402	71.2219
403	71.3387
404	71.6514
405	71.6502
406	71.5387
407	71.4924
408	71.4503
409	71.4846
410	71.5082
411	71.3039
412	71.4396
413	71.3375
414	71.3754
415	71.5685
416	71.6806
417	71.2178
418	71.4245
419	71.663
420	71.918
421	71.618
422	71.5762
423	71.4282
424	71.5728
425	71.4083
426	71.548
427	71.5392
428	71.4808
429	71.5141
430	71.4837
431	71.5923
432	71.4294
433	71.4578
434	71.3319
435	71.5136
436	71.6222
437	71.6665
438	71.9004
439	71.4377
440	71.1846
441	71.2438
442	71.4639
443	71.313
444	71.1534
445	71.3563
446	71.4128
447	71.1371
448	71.1713
449	71.2243
450	71.3591
451	71.1091
452	71.3409
453	71.1992
454	71.0252
455	71.2645
456	71.2396
457	71.0154
458	71.0004
459	71.0808
460	71.3324
461	71.0994
462	71.2582
463	70.9497
464	71.2571
465	71.6315
466	71.0154
467	71.0413
468	71.1833
469	71.3113
470	71.1524
471	70.925
472	71.189
473	71.5369
474	71.2908
475	71.548
476	71.228
477	71.2141
478	70.9956
479	71.2902
480	71.4167
481	71.3536
482	71.2114
483	71.2021
484	71.4236
485	71.4393
486	71.264
487	71.2962
488	71.467
489	71.4886
490	71.0554
491	71.1861
492	71.3072
493	71.2129
494	71.4331
495	71.4152
496	71.3122
497	70.9875
498	70.9788
499	71.1675
500	71.234
501	71.4089
502	71.2759
503	71.2044
504	71.2565
505	71.2243
506	71.4208
507	71.2929
508	71.262
509	71.2578
510	71.3002
511	71.2172
512	71.2552
513	71.2668
514	71.1911
515	70.9123
516	70.7858
517	70.4332
518	70.3413
519	70.515
520	70.2915
521	70.4187
522	70.6253
523	70.3532
524	70.532
525	70.362
526	70.2341
527	70.6044
528	70.4549
529	70.4331
530	70.6896
531	70.6122
532	70.5767
533	70.6143
534	70.4891
535	70.4328
536	70.1321
537	70.4221
538	70.4235
539	70.2933
540	70.5669
541	70.3973
542	70.2816
543	70.5065
544	70.4072
545	70.5277
546	70.7233
547	70.4783
548	70.3279
549	70.5464
550	70.6262
551	70.5824
552	70.4881
553	70.4995
554	70.6601
555	70.5653
556	70.4964
557	70.536
558	70.4791
559	70.3269
560	70.6317
561	70.3128
562	70.2454
563	70.3387
564	70.409
565	70.4549
566	70.2279
567	70.2534
568	70.4039
569	70.2203
570	70.2778
571	70.324
572	70.3809
573	70.2881
574	70.4817
575	70.4049
576	70.4247
577	70.4783
578	70.5467
579	70.3659
580	70.4378
581	70.4843
582	70.5118
583	70.3402
584	70.4657
585	70.0866
586	70.3746
587	70.2431
588	70.5513
589	70.5945
590	70.5264
591	70.3534
592	70.2655
593	70.2458
594	70.3716
595	70.7181
596	70.8217
597	70.5999
598	70.4491
599	70.2663
600	70.4151
601	70.4126
602	70.4423
603	70.3814
604	70.4031
605	70.1522
606	70.2829
607	70.1955
608	70.159
609	70.2463
610	70.3397
611	70.4318
612	70.7182
613	70.6791
614	70.4293
615	70.1998
616	70.3122
617	70.1753
618	70.4164
619	70.6948
620	70.4352
621	70.4707
622	70.5706
623	70.4599
624	70.2903
625	70.317
626	70.8752
627	70.7116
628	70.501
629	70.4236
630	70.2676
631	70.4463
632	70.2899
633	70.2379
634	70.364
635	70.3944
636	70.219
637	70.2355
638	70.5064
639	70.5124
640	70.5545
641	70.1313
642	70.2374
643	70.3221
644	70.2948
645	70.4524
646	70.3744
647	70.4109
648	70.5899
649	70.5261
650	70.4614
651	70.7962
652	70.5874
653	70.3169
654	70.4403
655	70.5339
656	70.3372
657	70.4141
658	70.2883
659	70.4037
660	70.5073
661	70.4654
662	70.7211
663	70.3192
664	70.5645
665	70.5902
666	70.4154
667	70.2648
668	70.5969
669	70.2839
670	70.2877
671	70.309
672	70.4133
673	70.3299
674	70.2575
675	70.4736
676	70.4736
677	70.2764
678	70.3141
679	70.3965
680	70.2616
681	70.4718
682	70.6477
683	70.4759
684	70.2424
685	70.5269
686	70.4402
687	70.4687
688	70.3352
689	70.4766
690	70.4806
691	70.4895
692	70.4041
693	70.2076
694	70.4008
695	70.272
696	70.6803
697	70.4737
698	70.5186
699	70.5464
700	70.2884
701	70.1221
702	70.3041
703	70.3554
704	70.6943
705	70.3506
706	70.4345
707	70.4225
708	70.3525
709	70.212
710	70.1607
711	70.3832
712	70.4409
713	70.8692
714	70.3723
715	70.3593
716	70.2269
717	70.2329
718	70.3397
719	70.4971
720	70.3361
721	70.2354
722	70.3891
723	70.3473
724	70.4245
725	70.2047
726	70.3109
727	70.5855
728	70.3384
729	70.4472
730	70.4174
731	70.4736
732	70.3926
733	70.4026
734	70.3442
735	70.275
736	70.3892
737	70.3889
738	70.437
739	70.478
740	70.4275
741	70.5537
742	70.5288
743	70.5777
744	70.3967
745	70.2992
746	70.399
747	70.3246
748	70.2378
749	70.6785
750	70.4927
751	70.3475
752	70.5452
753	70.2259
754	70.4575
755	70.0706
756	70.3813
757	70.2592
758	70.1517
759	70.444
760	70.6956
761	70.902
762	70.5839
763	70.6987
764	70.6051
765	70.4261
766	70.6096
767	70.477
768	70.6274
769	70.2366
770	70.5146
771	70.4557
772	70.3805
773	70.1838
774	70.4164
775	70.4843
776	70.2984
777	70.1602
778	70.5044
779	70.4309
780	70.4744
781	70.1921
782	70.3813
783	70.4926
784	70.3929
785	70.3247
786	70.3658
787	70.3779
788	70.6082
789	70.365
790	70.2946
791	70.2776
792	70.169
793	70.4412
794	70.3859
795	70.3058
796	70.5177
797	70.2971
798	70.3804
799	70.4769
800	70.2756
801	70.4972
802	70.5119
803	70.4366
804	70.4199
805	70.2681
806	70.4097
807	70.3376
808	70.2947
809	70.3773
810	70.2654
811	70.2828
812	70.3231
813	70.2338
814	70.1479
815	70.2039
816	70.1556
817	70.5559
818	70.5159
819	70.4824
820	70.3269
821	70.4727
822	70.5659
823	70.1955
824	70.266
825	70.2952
826	70.4199
827	70.4946
828	70.6193
829	70.5451
830	70.397
831	70.5132
832	70.3785
833	70.4821
834	70.3224
835	70.3287
836	70.3718
837	70.4731
838	70.3023
839	70.3578
840	70.416
841	70.3339
842	70.4688
843	70.6682
844	70.6854
845	70.4544
846	70.4861
847	70.3882
848	70.5992
849	70.3532
850	70.3878
851	70.2786
852	70.5953
853	70.7029
854	70.6248
855	70.3248
856	70.3255
857	70.498
858	70.3106
859	70.0648
860	70.2812
861	70.4667
862	70.2458
863	70.3877
864	70.4733
865	70.7093
866	70.4718
867	70.6406
868	70.4291
869	70.2299
870	70.1789
871	70.3741
872	70.3299
873	70.6416
874	70.5064
875	70.4858
876	70.7102
877	70.541
878	70.5703
879	70.4958
880	70.2172
881	70.2325
882	70.2744
883	70.3726
884	70.6346
885	70.3965
886	70.2445
887	70.3201
888	70.5529
889	70.8612
890	70.8146
891	70.5001
892	70.5522
893	70.6826
894	70.5447
895	70.667
896	70.2632
897	70.4654
898	70.7601
899	70.4635
900	70.3628
901	70.7036
902	70.4118
903	70.4399
904	70.3176
905	70.4284
906	70.4925
907	70.3905
908	70.3878
909	70.355
910	70.633
911	70.4776
912	70.3572
913	70.2044
914	70.3309
915	70.3301
916	70.4167
917	70.2652
918	70.342
919	70.4168
920	70.4662
921	70.4263
922	70.3765
923	70.5572
924	70.4199
925	70.6404
926	70.1343
927	70.5192
928	70.2853
929	70.3375
930	70.659
931	70.5236
932	70.4438
933	70.3348
934	70.4513
935	70.5305
936	70.1822
937	70.0725
938	70.5769
939	70.5835
940	70.6462
941	70.4422
942	70.0291
943	70.0975
944	70.2193
945	70.4795
946	70.5087
947	70.5464
948	70.5496
949	70.0927
950	70.5387
951	70.6297
952	70.4674
953	70.2609
954	70.5167
955	70.3357
956	70.6254
957	70.6323
958	70.5455
959	70.2612
960	70.3047
961	70.3667
962	70.1537
963	70.1864
964	70.4075
965	70.4775
966	70.377
967	70.4913
968	70.6654
969	70.9016
970	70.6428
971	70.3849
972	70.5336
973	70.2515
974	70.3001
975	70.6524
976	70.6018
977	70.337
978	70.3648
979	70.5037
980	70.6217
981	70.4991
982	70.291
983	70.4501
984	70.4681
985	70.5896
986	70.9199
987	70.3435
988	70.3583
989	70.2477
990	70.4679
991	70.4469
992	70.6473
993	70.3791
994	70.3217
995	70.1503
996	70.6034
997	70.8087
998	70.2822
999	70.4512
1000	70.3431
1001	70.3161
1002	70.3393
1003	70.8326
1004	70.5595
1005	70.425
1006	70.5484
1007	70.5658
1008	70.3564
1009	70.3468
1010	70.4905
1011	70.343
1012	70.2972
1013	70.2566
1014	70.4401
1015	70.2365
1016	70.2225
1017	70.4078
1018	70.4208
1019	70.4567
1020	70.4621
1021	70.6022
1022	70.2412
1023	70.6278
1024	70.0519
1025	70.2153
1026	70.3647
1027	70.5355
1028	70.4605
1029	70.4608
1030	70.4647
1031	70.4684
1032	70.1441
1033	70.4484
1034	70.4292
1035	70.3456
1036	70.5215
1037	70.3215
1038	70.4922
1039	70.5352
1040	70.414
1041	70.5055
1042	70.4583
1043	70.622
1044	70.7855
1045	70.511
1046	70.517
1047	70.4677
1048	70.367
1049	70.5796
1050	70.5465
1051	70.6221
1052	70.3781
1053	70.3696
1054	70.6358
1055	70.4246
1056	70.1853
1057	70.1556
1058	70.2613
1059	70.1992
1060	70.524
1061	70.4211
1062	70.3819
1063	70.3056
1064	70.7
1065	70.3292
1066	70.2066
1067	70.2336
1068	70.4286
1069	70.6304
1070	70.5428
1071	70.4293
1072	70.4806
1073	70.56
1074	70.4341
1075	70.5074
1076	70.288
1077	70.314
1078	70.2967
1079	70.3503
1080	70.318
1081	70.4562
1082	70.5198
1083	70.6942
1084	70.9033
1085	70.4588
1086	70.4317
1087	70.2341
1088	70.3822
1089	70.7023
1090	70.3303
1091	70.3564
1092	70.3041
1093	70.5336
1094	70.3924
1095	70.3776
1096	70.3979
1097	70.48
1098	70.6357
1099	70.2734
1100	70.3042
1101	70.3591
1102	70.3729
1103	70.11
1104	70.2208
1105	70.288
1106	70.2849
1107	70.5003
1108	70.2822
1109	70.3081
1110	70.2555
1111	70.2475
1112	70.4741
1113	70.608
1114	70.4482
1115	70.2923
1116	70.3626
1117	70.6514
1118	70.7424
1119	70.6095
1120	70.4266
1121	70.3342
1122	70.3397
1123	70.3271
1124	70.3878
1125	70.2538
1126	70.375
1127	70.5066
1128	70.1805
1129	70.3165
1130	70.3829
1131	70.2764
1132	70.3091
1133	70.2978
1134	70.3762
1135	70.26
1136	70.4041
1137	70.593
1138	70.54
1139	70.58
1140	70.5237
1141	70.858
1142	70.6199
1143	70.5743
1144	70.3921
1145	70.6786
1146	70.5334
1147	70.4656
1148	70.6106
1149	70.5441
1150	70.4297
1151	70.6695
1152	70.4409
1153	70.4873
1154	70.6992
1155	70.5761
1156	70.5897
1157	70.2125
1158	70.4121
1159	70.6525
1160	70.5729
1161	70.2789
1162	70.3022
1163	70.4697
1164	70.4489
1165	70.5014
1166	70.3967
1167	70.3711
1168	70.5041
1169	70.833
1170	70.6647
1171	70.5322
1172	70.5344
1173	70.7623
1174	70.7772
1175	70.6086
1176	70.5997
1177	70.3913
1178	70.3005
1179	70.3888
1180	70.1426
1181	70.2998
1182	70.4614
1183	70.6448
1184	70.2742
1185	70.381
1186	70.2242
1187	70.139
1188	70.2122
1189	70.3941
1190	70.1443
1191	70.1618
1192	70.5436
1193	70.4965
1194	70.6404
1195	70.3803
1196	70.2396
1197	70.3737
1198	70.6626
1199	70.5725
1200	70.4066
1201	70.2844
1202	70.2053
1203	70.5648
1204	70.3657
1205	70.4257
1206	70.424
1207	70.3685
1208	70.2611
1209	70.2098
1210	70.2682
1211	70.3857
1212	70.381
1213	70.3673
1214	70.3521
1215	70.3489
1216	70.4109
1217	70.2261
1218	70.4447
1219	70.5029
1220	70.3197
1221	70.2704
1222	70.7342
1223	70.3669
1224	70.3083
1225	70.3407
1226	70.2841
1227	70.496
1228	70.7859
1229	70.5691
1230	70.4636
1231	70.4413
1232	70.29
1233	70.387
1234	70.396
1235	70.6534
1236	70.4225
1237	70.2974
1238	70.6347
1239	70.2375
1240	70.1214
1241	70.2828
1242	70.0996
1243	70.3721
1244	70.4159
1245	70.2829
1246	70.469
1247	70.6235
1248	70.1325
1249	70.2982
1250	70.6459
1251	70.4769
1252	70.5005
1253	70.6244
1254	70.6759
1255	70.6434
1256	70.3608
1257	70.3616
1258	70.6021
1259	70.4183
1260	70.4046
1261	70.4345
1262	70.2683
1263	70.3392
1264	70.4535
1265	70.3836
1266	70.4894
1267	70.4962
1268	70.5042
1269	70.3748
1270	70.3693
1271	70.328
1272	70.4294
1273	70.622
1274	70.2868
1275	70.3986
1276	70.1897
1277	70.4079
1278	70.5613
1279	70.3184
1280	70.4334
1281	70.4809
1282	70.2373
1283	70.4477
1284	70.3146
1285	70.4778
1286	70.4502
1287	70.3706
1288	70.4988
1289	70.3761
1290	70.5334
1291	70.5358
1292	70.6346
1293	70.6412
1294	70.5236
1295	70.3372
1296	70.2744
1297	70.5033
1298	70.4223
1299	70.1158
1300	70.3931
1301	70.6689
1302	70.5802
1303	70.4878
1304	70.5087
1305	70.4525
1306	70.4927
1307	70.5711
1308	70.441
1309	70.6181
1310	70.4494
1311	70.3463
1312	70.6575
1313	70.5873
1314	70.4652
1315	70.5314
1316	70.1779
1317	70.316
1318	70.8407
1319	70.7464
1320	70.7488
1321	70.4244
1322	70.4608
1323	70.48
1324	70.3484
1325	70.2181
1326	70.3811
1327	70.3331
1328	70.634
1329	70.5995
1330	70.3282
1331	70.3175
1332	70.5614
1333	70.6094
1334	70.5738
1335	70.5219
1336	70.4247
1337	70.2992
1338	70.6283
1339	70.887
1340	70.4548
1341	70.4232
1342	70.4483
1343	70.2866
1344	70.3666
1345	70.6469
1346	70.7749
1347	70.6281
1348	70.2537
1349	70.2949
1350	70.3466
1351	70.2175
1352	70.2575
1353	70.5747
1354	70.2419
1355	70.3711
1356	70.5739
1357	70.6619
1358	70.4606
1359	70.6349
1360	70.4795
1361	70.734
1362	70.3456
1363	70.3293
1364	70.3116
1365	70.4732
1366	70.2419
1367	70.6108
1368	70.9022
1369	70.4041
1370	70.2976
1371	70.5133
1372	70.3898
1373	70.6575
1374	70.2321
1375	70.3255
1376	70.6337
1377	70.515
1378	70.2884
1379	70.5757
1380	70.542
1381	70.5778
1382	70.4506
1383	70.6061
1384	70.463
1385	70.133
1386	70.2761
1387	70.2264
1388	70.3653
1389	70.4759
1390	70.4504
1391	70.5263
1392	70.8778
1393	70.5714
1394	70.3172
1395	70.3253
1396	70.2944
1397	70.2461
1398	70.5299
1399	70.5058
1400	70.2348
1401	70.2833
1402	70.3837
1403	70.151
1404	70.3924
1405	70.4026
1406	70.5405
1407	70.7821
1408	70.3083
1409	70.2079
1410	70.2875
1411	70.4584
1412	70.6392
1413	70.6168
1414	70.5331
1415	70.3774
1416	70.2933
1417	70.5045
1418	70.5893
1419	70.3156
1420	70.6058
1421	70.4391
1422	70.2317
1423	70.4902
1424	70.2745
1425	70.2593
1426	70.2251
1427	70.4934
1428	70.2849
1429	70.2914
1430	70.104
1431	70.196
1432	70.4607
1433	70.4915
1434	70.2261
1435	70.023
1436	70.6147
1437	70.3542
1438	70.631
1439	70.5044
1440	70.8655
1441	70.5047
1442	70.48
1443	70.2525
1444	70.3727
1445	70.5088
1446	70.3157
1447	70.4948
1448	70.682
1449	70.3973
1450	70.7423
1451	70.6065
1452	70.6167
1453	70.3142
1454	70.3584
1455	70.4097
1456	70.4493
1457	70.2851
1458	70.41
1459	70.2911
1460	70.4113
1461	70.572
1462	70.4138
1463	70.3736
1464	70.3594
1465	70.4443
1466	70.4271
1467	70.6515
1468	70.5186
1469	70.3792
1470	70.5093
1471	70.634
1472	70.3
1473	70.3634
1474	70.2102
1475	70.3774
1476	70.3196
1477	70.4212
1478	70.372
1479	70.5403
1480	70.1655
1481	70.3389
1482	70.3803
1483	70.2424
1484	70.3473
1485	70.1653
1486	70.7016
1487	70.5603
1488	70.7897
1489	70.7079
1490	70.4724
1491	70.3965
1492	70.3779
1493	70.3763
1494	70.133
1495	70.2547
1496	70.3795
1497	70.2611
1498	70.2018
1499	70.1052
1500	70.2545
1501	70.4148
1502	70.3156
1503	70.5455
1504	70.3937
1505	70.407
1506	70.6599
1507	70.3285
1508	70.156
1509	70.5125
1510	70.3084
1511	70.5556
1512	70.6044
1513	70.5051
1514	70.3496
1515	70.3994
1516	70.4217
1517	70.2143
1518	70.335
1519	70.645
1520	70.2445
1521	70.435
1522	70.274
1523	70.0473
1524	70.0243
1525	70.1827
1526	70.1509
1527	70.2794
1528	70.4585
1529	70.3965
1530	70.3406
1531	70.0318
1532	70.428
1533	70.2444
1534	70.3655
1535	70.5779
1536	70.4814
1537	70.5514
1538	70.5044
1539	70.554
1540	70.6114
1541	70.7046
1542	70.3627
1543	70.7406
1544	70.3357
1545	70.6623
1546	70.327
1547	70.2804
1548	70.2019
1549	70.4989
1550	70.5165
1551	70.3978
1552	70.1324
1553	70.2223
1554	70.0858
1555	70.3361
1556	70.3486
1557	70.2715
1558	70.389
1559	70.2812
1560	70.328
1561	70.2627
1562	70.2798
1563	70.1437
1564	70.4373
1565	70.3124
1566	70.2157
1567	70.3196
1568	70.368
1569	70.3345
1570	70.4736
1571	70.423
1572	70.41
1573	70.5102
1574	70.307
1575	70.3582
1576	70.1533
1577	70.3487
1578	70.4284
1579	70.5354
1580	70.2725
1581	70.2605
1582	70.4051
1583	70.6899
1584	70.4745
1585	70.5872
1586	70.3404
1587	70.3649
1588	70.0508
1589	70.3011
1590	70.3754
1591	70.7237
1592	70.3343
1593	70.2985
1594	70.3308
1595	70.354
1596	70.2012
1597	70.2766
1598	70.5555
1599	70.3401
1600	70.2928
1601	70.3603
1602	70.4023
1603	70.6389
1604	70.3495
1605	70.6254
1606	70.4645
1607	70.3658
1608	70.3103
1609	70.5929
1610	70.372
1611	70.4597
1612	70.4057
1613	70.4813
1614	70.3997
1615	70.6245
1616	70.4223
1617	70.1962
1618	70.4278
1619	70.2848
1620	70.4353
1621	70.5682
1622	70.29
1623	70.4321
1624	70.4793
1625	70.4566
1626	70.2498
1627	70.4524
1628	70.4165
1629	70.6855
1630	70.2337
1631	70.4849
1632	70.2929
1633	70.3813
1634	70.7205
1635	70.2321
1636	70.3561
1637	70.4185
1638	70.4896
1639	70.2302
1640	70.2354
1641	70.2221
1642	70.2591
1643	70.2797
1644	70.2711
1645	70.2708
1646	70.5804
1647	70.3985
1648	70.4404
1649	70.3238
1650	70.1684
1651	70.325
1652	70.2852
1653	70.5902
1654	70.4895
1655	70.3857
1656	70.3614
1657	70.6517
1658	70.5281
1659	70.5512
1660	70.5967
1661	70.4732
1662	70.5242
1663	70.669
1664	70.767
1665	70.3238
1666	70.8002
1667	70.7543
1668	70.4014
1669	70.4372
1670	70.7601
1671	70.4613
1672	70.3928
1673	70.3728
1674	70.3488
1675	70.4173
1676	70.2504
1677	70.3042
1678	70.3298
1679	70.3008
1680	70.3784
1681	70.5655
1682	70.246
1683	70.2397
1684	70.6137
1685	70.5229
1686	70.5643
1687	70.314
1688	70.4842
1689	70.3295
1690	70.3474
1691	70.5852
1692	70.4762
1693	70.416
1694	70.438
1695	70.5474
1696	70.5355
1697	70.5615
1698	70.3714
1699	70.4725
1700	70.3394
1701	70.3799
1702	70.4441
1703	70.6499
1704	70.39
1705	70.3862
1706	70.4093
1707	70.2387
1708	70.5543
1709	70.5941
1710	70.7702
1711	70.4463
1712	70.4858
1713	70.4024
1714	70.4441
1715	70.2208
1716	70.4772
1717	70.2567
1718	70.4942
1719	70.3714
1720	70.5415
1721	70.4955
1722	70.6056
1723	70.7678
1724	70.4161
1725	70.3021
1726	70.2764
1727	70.4185
1728	70.3512
1729	70.4392
1730	70.7269
1731	70.4451
1732	70.2477
1733	70.55
1734	70.2518
1735	70.1682
1736	70.3647
1737	70.3251
1738	70.5914
1739	70.3232
1740	70.4219
1741	70.5222
1742	70.3743
1743	70.4218
1744	70.3863
1745	70.3339
1746	70.2411
1747	70.4318
1748	70.2955
1749	70.3112
1750	70.3117
1751	70.462
1752	70.6351
1753	70.176
1754	70.3646
1755	70.3722
1756	70.2234
1757	70.7224
1758	70.4656
1759	70.7381
1760	70.7305
1761	70.5173
1762	70.5039
1763	70.57
1764	70.4355
1765	69.9577
1766	70.2221
1767	70.3
1768	70.331
1769	70.7977
1770	70.6879
1771	70.4289
1772	70.2363
1773	70.4658
1774	70.3875
1775	70.6749
1776	70.507
1777	70.1658
1778	70.2745
1779	70.265
1780	70.2508
1781	70.625
1782	70.5901
1783	70.2323
1784	70.337
1785	70.3883
1786	70.4755
1787	70.4625
1788	70.5656
1789	70.5184
1790	70.163
1791	70.2014
1792	70.3243
1793	70.4774
1794	70.567
1795	70.4773
1796	70.5311
1797	70.6318
1798	70.5182
1799	70.4624
1800	70.3022
1801	70.4466
1802	70.3512
1803	70.5578
1804	70.4446
1805	70.6243
1806	70.5897
1807	70.4337
1808	70.3688
1809	70.501
1810	70.3889
1811	70.4528
1812	70.3721
1813	70.4775
1814	70.7492
1815	70.6989
1816	70.4465
1817	70.336
1818	70.3357
1819	70.5858
1820	70.4516
1821	70.513
1822	70.5235
1823	70.501
1824	70.4122
1825	70.3699
1826	70.6057
1827	70.392
1828	70.3653
1829	70.5115
1830	70.4199
1831	70.5614
1832	70.2302
1833	70.4624
1834	70.5727
1835	70.3176
1836	70.6639
1837	70.2918
1838	70.2594
1839	70.6859
1840	70.3851
1841	70.5345
1842	70.5649
1843	70.4632
1844	70.3093
1845	70.2449
1846	70.3816
1847	70.2729
1848	70.5451
1849	70.4529
1850	70.2529
1851	70.4737
1852	70.2556
1853	70.062
1854	70.3313
1855	70.5535
1856	70.4244
1857	70.6528
1858	70.4243
1859	70.6557
1860	70.5028
1861	70.4434
1862	70.3927
1863	70.1864
1864	70.3729
1865	70.4212
1866	70.6461
1867	70.4445
1868	70.4613
1869	70.7028
1870	70.6138
1871	70.5644
1872	70.2546
1873	70.5058
1874	70.234
1875	70.5163
1876	70.3104
1877	70.5294
1878	70.4896
1879	70.6959
1880	70.6736
1881	70.4218
1882	70.4429
1883	70.1412
1884	70.5181
1885	70.244
1886	70.5764
1887	70.5002
1888	70.5114
1889	70.6206
1890	70.3745
1891	70.2598
1892	70.2032
1893	70.2422
1894	70.321
1895	70.6413
1896	70.7544
1897	70.3841
1898	70.5572
1899	70.2956
1900	70.4795
1901	70.1406
1902	70.4114
1903	70.5672
1904	70.5911
1905	70.4859
1906	70.4937
1907	70.8057
1908	70.7539
1909	70.3926
1910	70.6689
1911	70.4092
1912	70.5017
1913	70.3515
1914	70.839
1915	70.5181
1916	70.3843
1917	70.3929
1918	70.2692
1919	70.2922
1920	70.1782
1921	70.4266
1922	70.4959
1923	70.4044
1924	70.5078
1925	70.6666
1926	70.5337
1927	70.4598
1928	70.4295
1929	70.3818
1930	70.4876
1931	70.6344
1932	70.4856
1933	70.5569
1934	70.5268
1935	70.2674
1936	70.2346
1937	70.2604
1938	70.3867
1939	70.4788
1940	70.4427
1941	70.5591
1942	70.7207
1943	70.537
1944	70.4987
1945	70.462
1946	70.4844
1947	70.4278
1948	70.6488
1949	70.7587
1950	70.7958
1951	70.5731
1952	70.452
1953	70.6724
1954	70.4782
1955	70.5705
1956	70.5593
1957	70.3346
1958	70.3606
1959	70.8982
1960	70.2319
1961	70.4338
1962	70.4527
1963	70.2084
1964	70.2739
1965	70.2945
1966	70.264
1967	70.0772
1968	70.2618
1969	70.2408
1970	70.2868
1971	70.6431
1972	70.7
1973	70.6362
1974	70.3685
1975	70.4486
1976	70.7677
1977	70.3749
1978	70.2663
1979	70.2791
1980	70.1716
1981	70.1988
1982	70.3244
1983	70.5238
1984	70.6661
1985	70.6072
1986	70.365
1987	70.1202
1988	70.2629
1989	70.3196
1990	70.3297
1991	70.4002
1992	70.685
1993	70.5473
1994	70.475
1995	70.2289
1996	70.4389
1997	70.3996
1998	70.5892
1999	70.3354
2000	70.3528
2001	70.4933
2002	70.2986
2003	70.2985
2004	70.5449
2005	70.2828
2006	70.391
2007	70.248
2008	70.2818
2009	70.2854
2010	70.3781
2011	70.2646
2012	70.3513
2013	70.4612
2014	70.4357
2015	70.2386
2016	70.3097
2017	70.1186
2018	70.5524
2019	70.4405
2020	70.3933
2021	70.3607
2022	70.2648
2023	70.2086
2024	70.1306
2025	70.4038
2026	70.2366
2027	70.2841
2028	70.194
2029	70.5003
2030	70.5638
2031	70.4246
2032	70.4503
2033	70.2351
2034	70.4651
2035	70.6121
2036	70.4885
2037	70.3659
2038	70.2655
2039	70.4383
2040	70.3484
2041	70.4172
2042	70.4233
2043	70.4509
2044	70.142
2045	70.3568
2046	70.2618
2047	70.4228
2048	70.263
2049	70.496
2050	70.3002
2051	70.2666
2052	70.3995
2053	70.2434
2054	70.2134
2055	70.4509
2056	70.3591
2057	70.4549
2058	70.5656
2059	70.7238
2060	70.3091
2061	70.2148
2062	70.2507
2063	70.3707
2064	70.352
2065	70.4339
2066	70.5654
2067	70.4148
2068	70.4616
2069	70.7498
2070	70.5477
2071	70.5524
2072	70.6162
2073	70.422
2074	70.3065
2075	70.3789
2076	70.2457
2077	70.2197
2078	70.307
2079	70.6215
2080	70.295
2081	70.3995
2082	70.1663
2083	70.3084
2084	70.6199
2085	70.6476
2086	70.2725
2087	70.3149
2088	70.4663
2089	70.674
2090	70.5895
2091	70.4569
2092	70.6134
2093	70.4558
2094	70.3165
2095	70.5144
2096	70.1462
2097	70.3376
2098	70.3302
2099	70.6221
2100	70.4771
2101	70.4229
2102	70.3823
2103	70.2865
2104	70.3922
2105	70.2902
2106	70.3634
2107	70.4045
2108	70.3356
2109	70.2236
2110	70.1734
2111	70.4147
2112	70.5769
2113	70.1858
2114	70.6183
2115	70.3268
2116	70.2201
2117	70.4413
2118	70.2456
2119	70.2501
2120	70.2726
2121	70.4619
2122	70.501
2123	70.1206
2124	70.3841
2125	70.7164
2126	70.4788
2127	70.1544
2128	70.3981
2129	70.3502
2130	70.3408
2131	70.573
2132	70.5021
2133	70.4319
2134	70.373
2135	70.7887
2136	70.438
2137	70.6215
2138	70.6184
2139	70.5266
2140	70.4996
2141	70.1132
2142	70.571
2143	70.2126
2144	70.251
2145	70.3982
2146	70.4062
2147	70.459
2148	70.4853
2149	70.6164
2150	70.4768
2151	70.3094
2152	70.141
2153	70.4079
2154	70.6259
2155	70.4641
2156	70.6657
2157	70.4561
2158	70.3424
2159	70.4822
2160	70.5564
2161	70.4726
2162	70.6236
2163	70.5826
2164	70.7973
2165	70.5296
2166	70.4609
2167	70.6517
2168	70.462
2169	70.61
2170	70.3873
2171	70.3512
2172	70.4202
2173	70.2696
2174	70.4909
2175	70.3912
2176	70.2576
2177	70.4529
2178	70.338
2179	70.5289
2180	70.2618
2181	70.3778
2182	70.3314
2183	70.5475
2184	70.4399
2185	70.6148
2186	70.5002
2187	70.3187
2188	70.2212
2189	70.5485
2190	70.5843
2191	70.4186
2192	70.2865
2193	70.7088
2194	70.3692
2195	70.2195
2196	70.3165
2197	70.2972
2198	70.3469
2199	70.605
2200	70.3217
2201	70.2245
2202	70.215
2203	70.2593
2204	70.3361
2205	70.386
2206	70.3537
2207	70.3969
2208	70.4277
2209	70.4378
2210	70.8132
2211	70.7673
2212	70.77
2213	70.5896
2214	70.0905
2215	69.979
2216	69.9474
2217	69.9998
2218	70.319
2219	70.0006
2220	70.0726
2221	69.9214
2222	69.9812
2223	70.1003
2224	70.1406
2225	69.828
2226	70.1035
2227	70.1926
2228	69.9494
2229	69.974
2230	70.074
2231	70.0251
2232	70.1229
2233	70.0267
2234	70.0605
2235	70.2498
2236	70.165
2237	69.9162
2238	70.2658
2239	69.9958
2240	70.048
2241	70.1598
2242	69.9437
2243	69.9057
2244	69.9795
2245	70.083
2246	69.8651
2247	70.1622
2248	70.0278
2249	69.8816
2250	70.2238
2251	70.125
2252	70.0222
2253	69.9562
2254	69.9449
2255	69.8129
2256	69.8647
2257	69.9683
2258	69.8685
2259	69.7966
2260	69.9711
2261	69.9547
2262	70.1064
2263	70.0014
2264	70.1757
2265	70.2621
2266	69.9998
2267	70.1167
2268	70.4294
2269	70.1928
2270	70.0724
2271	70.3787
2272	70.1889
2273	69.9469
2274	70.1166
2275	70.2533
2276	70.1792
2277	70.0803
2278	70.0221
2279	70.0499
2280	69.9558
2281	69.9509
2282	69.9268
2283	70.072
2284	70.1712
2285	69.9473
2286	70.1157
2287	69.996
2288	69.6819
2289	70.0642
2290	70.0236
2291	70.0103
2292	70.0303
2293	69.936
2294	70.1082
2295	70.1782
2296	69.9258
2297	69.8567
2298	70.1813
2299	70.2535
2300	70.178
2301	69.9799
2302	70.151
2303	70.1228
2304	70.0029
2305	70.3255
2306	70.1979
2307	70.1979
2308	69.8417
2309	69.9834
2310	69.9689
2311	69.7009
2312	69.9687
2313	69.9198
2314	69.9584
2315	70.1291
2316	70.0171
2317	69.897
2318	69.813
2319	70.1296
2320	70.1537
2321	70.1907
2322	70.2143
2323	70.1805
2324	69.9513
2325	70.1538
2326	69.9901
2327	70.0486
2328	69.9758
2329	70.269
2330	70.034
2331	70.1297
2332	70.0542
2333	70.0811
2334	70.1729
2335	70.0768
2336	70.2812
2337	70.1566
2338	70.1875
2339	70.0472
2340	69.9471
2341	70.0417
2342	69.9444
2343	70.1074
2344	70.1211
2345	70.2947
2346	70.2416
2347	70.0297
2348	70.1165
2349	69.8962
2350	69.9634
2351	69.8645
2352	70.1603
2353	70.1229
2354	70.3172
2355	69.9175
2356	69.8848
2357	69.8544
2358	69.9191
2359	70.1303
2360	70.012
2361	69.7873
2362	70.1794
2363	70.0194
2364	69.9677
2365	69.9772
2366	70.2058
2367	69.8346
2368	69.9706
2369	70.0646
2370	70.0313
2371	69.8282
2372	69.9905
2373	70.0315
2374	70.1854
2375	70.108
2376	70.2512
2377	70.3052
2378	70.298
2379	70.4412
2380	70.0036
2381	69.8104
2382	69.8844
2383	70.237
2384	69.9202
2385	70.122
2386	70.1391
2387	70.0162
2388	70.1903
2389	70.2513
2390	70.0531
2391	70.2342
2392	70.1919
2393	70.0304
2394	70.0312
2395	69.7488
2396	69.8725
2397	70.1245
2398	69.9032
2399	70.0413
2400	70.0559
2401	70.2408
2402	69.8666
2403	69.8247
2404	70.0435
2405	70.05
2406	69.8782
2407	70.1719
2408	70.1447
2409	70.0508
2410	70.1535
2411	69.9952
2412	70.0353
2413	70.1704
2414	70.2291
2415	70.1337
2416	70.0307
2417	70.2728
2418	69.8622
2419	70.1167
2420	70.3768
2421	70.1687
2422	70.1882
2423	70.2439
2424	70.0521
2425	70.0573
2426	70.3817
2427	70.1069
2428	70.4717
2429	70.2876
2430	69.8927
2431	70.1976
2432	70.0583
2433	70.1088
2434	70.1598
2435	70.4034
2436	69.9148
2437	69.8537
2438	70.1227
2439	69.9856
2440	69.9256
2441	69.8658
2442	69.8344
2443	70.0002
2444	69.9919
2445	70.0326
2446	69.8664
2447	69.8414
2448	70.01
2449	70.0576
2450	69.8318
2451	70.2205
2452	70.2608
2453	70.2222
2454	70.1215
2455	69.9526
2456	70.267
2457	70.1311
2458	69.8328
2459	69.9676
2460	69.9878
2461	69.791
2462	69.9249
2463	69.8906
2464	69.8695
2465	70.1496
2466	70.1352
2467	69.9735
2468	70.0973
2469	70.1881
2470	69.9729
2471	70.1069
2472	70.2091
2473	70.0238
2474	69.9856
2475	70.0039
2476	69.9469
2477	69.9716
2478	70.2241
2479	69.9416
2480	69.8489
2481	69.8809
2482	69.964
2483	69.9582
2484	69.9259
2485	70.2108
2486	69.9446
2487	69.7974
2488	70.1877
2489	70.3665
2490	70.1078
2491	69.8727
2492	70.2109
2493	69.7905
2494	70.0976
2495	69.6774
2496	70.1824
2497	70.0355
2498	69.9925
2499	70.2136
2500	69.9471
