Gen:	L_2
1	395.766
2	382.745
3	359.146
4	346.171
5	338.111
6	327.533
7	317.445
8	310.288
9	292.04
10	287.568
11	280.431
12	271.888
13	264.49
14	255.403
15	249.726
16	244.365
17	238.512
18	232.006
19	228.241
20	224.389
21	219.725
22	216.271
23	212.856
24	208.147
25	204.056
26	202.287
27	200.414
28	194.646
29	190.994
30	186.407
31	183.453
32	180.171
33	177.252
34	175.191
35	173.466
36	171.404
37	169.492
38	166.523
39	165.061
40	163.651
41	161.365
42	160.799
43	159.306
44	158.369
45	155.127
46	153.157
47	151.199
48	150.576
49	147.524
50	146.181
51	145.246
52	144.108
53	142.284
54	140.995
55	138.993
56	137.331
57	136.094
58	133.818
59	133.425
60	131.286
61	128.858
62	127.639
63	126.757
64	122.911
65	122.424
66	121.481
67	119.375
68	118.422
69	117.497
70	116.219
71	116.172
72	110.9
73	110.037
74	109.45
75	107.662
76	106.215
77	106.215
78	106.215
79	105.111
80	104.917
81	104.149
82	103.907
83	102.782
84	102.014
85	101.437
86	100.973
87	100.951
88	100.567
89	100.043
90	99.2962
91	98.633
92	97.9657
93	97.9632
94	97.365
95	96.8705
96	96.2432
97	96.0791
98	95.6624
99	93.8235
100	92.8709
101	91.9555
102	91.9555
103	91.7177
104	91.286
105	89.9434
106	88.9861
107	88.053
108	87.4019
109	87.1363
110	86.2417
111	85.6341
112	85.5106
113	85.5106
114	85.1897
115	85.0673
116	84.8512
117	84.8265
118	84.2267
119	84.0105
120	83.6046
121	83.4147
122	83.2482
123	83.153
124	83.1139
125	83.0452
126	83.006
127	82.5253
128	82.4175
129	82.4175
130	82.3156
131	82.3156
132	82.3156
133	81.8565
134	81.8565
135	81.7462
136	81.187
137	81.1317
138	80.6238
139	80.5685
140	80.5685
141	80.5345
142	80.5345
143	80.5345
144	79.9761
145	79.9096
146	79.9096
147	79.9096
148	79.9096
149	78.5292
150	78.5292
151	78.4755
152	78.4716
153	78.0428
154	77.9067
155	77.8117
156	77.1549
157	77.0662
158	77.0085
159	76.6081
160	76.5193
161	76.5193
162	76.4965
163	76.4965
164	75.9204
165	75.7084
166	75.4841
167	75.4841
168	75.1092
169	75.1092
170	75.1092
171	75.1092
172	75.1092
173	75.1092
174	74.8354
175	74.8354
176	74.7029
177	74.7029
178	74.7029
179	74.7029
180	74.7029
181	74.7029
182	74.3194
183	74.3194
184	74.3194
185	74.3194
186	74.3194
187	74.3194
188	74.3194
189	74.3194
190	74.3194
191	74.3194
192	74.3194
193	74.3194
194	74.3194
195	74.3194
196	74.3194
197	74.3194
198	74.3194
199	73.9406
200	73.9406
201	73.4125
202	73.4125
203	73.4125
204	73.3569
205	73.3569
206	73.3569
207	73.3569
208	73.3569
209	73.3569
210	73.3569
211	73.3569
212	73.3569
213	73.183
214	73.183
215	73.183
216	73.183
217	73.183
218	73.183
219	73.183
220	73.1271
221	73.1271
222	73.1271
223	73.1271
224	73.1271
225	72.7986
226	72.7986
227	72.7986
228	72.7986
229	72.7986
230	72.7986
231	72.7986
232	72.7986
233	72.7986
234	72.7986
235	72.7986
236	72.7986
237	72.7986
238	72.7986
239	72.7986
240	72.7986
241	72.7986
242	72.7986
243	72.7986
244	72.7986
245	72.7445
246	72.6941
247	72.6941
248	72.6941
249	72.6941
250	72.6941
251	72.6941
252	72.6941
253	72.6941
254	72.6941
255	72.6941
256	72.6941
257	72.6941
258	72.6941
259	72.6941
260	72.6941
261	72.6941
262	72.6941
263	72.6941
264	72.6941
265	72.6941
266	72.6941
267	72.6941
268	72.663
269	72.663
270	72.663
271	72.663
272	72.663
273	72.663
274	72.663
275	72.663
276	72.663
277	72.2347
278	72.2347
279	72.2347
280	72.2347
281	72.2347
282	72.2347
283	72.2347
284	72.2347
285	72.2347
286	72.2347
287	72.2347
288	72.2347
289	72.2347
290	72.2347
291	72.2347
292	72.2347
293	72.2347
294	72.2347
295	72.2347
296	72.2347
297	72.2347
298	72.2347
299	72.2347
300	72.2347
301	72.2347
302	72.2347
303	72.2347
304	72.2347
305	72.2347
306	72.2347
307	72.2347
308	72.2347
309	72.2347
310	72.2347
311	72.2347
312	72.2347
313	72.2347
314	72.2347
315	72.2347
316	72.2347
317	72.2347
318	72.2347
319	72.0672
320	72.0672
321	72.0672
322	72.0672
323	72.0631
324	71.3201
325	71.2464
326	70.8546
327	70.8546
328	70.8546
329	70.8546
330	70.8546
331	70.8546
332	70.8546
333	70.8546
334	70.8546
335	70.8546
336	70.8546
337	70.8546
338	70.8546
339	70.8546
340	70.8546
341	70.8546
342	70.8546
343	70.8546
344	70.8546
345	70.8546
346	70.8546
347	70.8546
348	70.8546
349	70.8546
350	70.8546
351	70.8546
352	70.8546
353	70.8546
354	70.8546
355	70.8546
356	70.8546
357	70.8546
358	70.8546
359	70.8546
360	70.8546
361	70.8546
362	70.8546
363	70.8546
364	70.8546
365	70.8546
366	70.8546
367	70.8546
368	70.8546
369	70.8546
370	70.8546
371	70.8546
372	70.8546
373	70.8546
374	70.8546
375	70.8546
376	70.8546
377	70.8546
378	70.8546
379	70.8546
380	70.8546
381	70.8546
382	70.8546
383	70.8546
384	70.8546
385	70.8546
386	70.8546
387	70.8546
388	70.8546
389	70.8546
390	70.8546
391	70.8546
392	70.8546
393	70.8546
394	70.8546
395	70.8546
396	70.8546
397	70.8546
398	70.8546
399	70.8546
400	70.8546
401	70.8546
402	70.8546
403	70.8546
404	70.8546
405	70.8546
406	70.8546
407	70.8546
408	70.8546
409	70.8546
410	70.8546
411	70.8546
412	70.8546
413	70.8546
414	70.8546
415	70.8546
416	70.8546
417	70.8546
418	70.8546
419	70.7846
420	70.7846
421	70.7846
422	70.7846
423	70.7846
424	70.7846
425	70.7846
426	70.7846
427	70.7846
428	70.7846
429	70.7846
430	70.7846
431	70.7846
432	70.7846
433	70.7846
434	70.7846
435	70.7846
436	70.7846
437	70.7846
438	70.5482
439	70.5482
440	70.5482
441	70.5482
442	70.5482
443	70.5482
444	70.5482
445	70.5482
446	70.5482
447	70.5482
448	70.5482
449	70.5482
450	70.5482
451	70.5482
452	70.5482
453	70.5482
454	70.5482
455	70.5482
456	70.5482
457	70.5482
458	70.5482
459	70.5482
460	70.5482
461	70.4956
462	70.4956
463	70.4956
464	70.4956
465	70.4956
466	70.4956
467	70.4956
468	70.4956
469	70.4956
470	70.4956
471	70.4956
472	70.4956
473	70.4956
474	70.4956
475	70.4956
476	70.4956
477	70.4956
478	70.4956
479	70.4956
480	70.4956
481	70.4956
482	70.4956
483	70.4956
484	70.4956
485	70.4956
486	70.4956
487	70.4956
488	70.4956
489	70.4956
490	70.4956
491	70.4956
492	70.4956
493	70.4956
494	70.4956
495	70.4956
496	70.4956
497	70.4956
498	70.4956
499	70.4956
500	70.4956
501	70.4956
502	70.4956
503	70.4956
504	70.4956
505	70.4956
506	70.4956
507	70.4956
508	70.4956
509	70.4956
510	70.4956
511	70.4956
512	70.4956
513	69.7004
514	69.7004
515	69.7004
516	69.7004
517	69.7004
518	69.7004
519	69.7004
520	69.7004
521	69.7004
522	69.7004
523	69.7004
524	69.7004
525	69.7004
526	69.7004
527	69.7004
528	69.7004
529	69.7004
530	69.7004
531	69.7004
532	69.7004
533	69.7004
534	69.7004
535	69.7004
536	69.7004
537	69.7004
538	69.7004
539	69.7004
540	69.7004
541	69.7004
542	69.7004
543	69.7004
544	69.7004
545	69.7004
546	69.7004
547	69.7004
548	69.7004
549	69.7004
550	69.7004
551	69.7004
552	69.7004
553	69.7004
554	69.7004
555	69.7004
556	69.7004
557	69.7004
558	69.7004
559	69.7004
560	69.695
561	69.695
562	69.695
563	69.695
564	69.695
565	69.695
566	69.695
567	69.695
568	69.695
569	69.695
570	69.695
571	69.695
572	69.695
573	69.695
574	69.695
575	69.695
576	69.695
577	69.695
578	69.695
579	69.695
580	69.695
581	69.695
582	69.695
583	69.695
584	69.695
585	69.695
586	69.695
587	69.695
588	69.695
589	69.695
590	69.695
591	69.695
592	69.695
593	69.695
594	69.695
595	69.695
596	69.695
597	69.695
598	69.695
599	69.695
600	69.695
601	69.695
602	69.695
603	69.695
604	69.695
605	69.695
606	69.695
607	69.695
608	69.695
609	69.695
610	69.695
611	69.695
612	69.695
613	69.695
614	69.695
615	69.695
616	69.695
617	69.695
618	69.695
619	69.695
620	69.695
621	69.695
622	69.695
623	69.695
624	69.695
625	69.695
626	69.695
627	69.695
628	69.695
629	69.695
630	69.695
631	69.695
632	69.695
633	69.695
634	69.695
635	69.695
636	69.695
637	69.695
638	69.695
639	69.695
640	69.695
641	69.695
642	69.695
643	69.695
644	69.695
645	69.695
646	69.695
647	69.695
648	69.695
649	69.695
650	69.695
651	69.695
652	69.695
653	69.695
654	69.695
655	69.695
656	69.695
657	69.695
658	69.695
659	69.695
660	69.695
661	69.695
662	69.695
663	69.695
664	69.695
665	69.695
666	69.695
667	69.695
668	69.695
669	69.695
670	69.695
671	69.695
672	69.695
673	69.695
674	69.695
675	69.695
676	69.695
677	69.695
678	69.695
679	69.695
680	69.695
681	69.695
682	69.695
683	69.695
684	69.695
685	69.695
686	69.695
687	69.695
688	69.695
689	69.695
690	69.695
691	69.695
692	69.695
693	69.695
694	69.695
695	69.695
696	69.695
697	69.695
698	69.695
699	69.695
700	69.695
701	69.695
702	69.695
703	69.695
704	69.695
705	69.695
706	69.695
707	69.695
708	69.695
709	69.695
710	69.695
711	69.695
712	69.695
713	69.695
714	69.695
715	69.695
716	69.695
717	69.695
718	69.695
719	69.695
720	69.695
721	69.695
722	69.695
723	69.695
724	69.695
725	69.695
726	69.695
727	69.695
728	69.695
729	69.695
730	69.695
731	69.695
732	69.695
733	69.695
734	69.695
735	69.695
736	69.695
737	69.695
738	69.695
739	69.695
740	69.695
741	69.695
742	69.695
743	69.695
744	69.695
745	69.695
746	69.695
747	69.695
748	69.695
749	69.695
750	69.695
751	69.695
752	69.695
753	69.695
754	69.695
755	69.695
756	69.695
757	69.695
758	69.695
759	69.695
760	69.695
761	69.695
762	69.695
763	69.695
764	69.695
765	69.695
766	69.695
767	69.695
768	69.695
769	69.695
770	69.695
771	69.695
772	69.695
773	69.695
774	69.695
775	69.695
776	69.695
777	69.695
778	69.695
779	69.695
780	69.695
781	69.695
782	69.695
783	69.695
784	69.695
785	69.695
786	69.695
787	69.695
788	69.695
789	69.695
790	69.695
791	69.695
792	69.695
793	69.695
794	69.695
795	69.695
796	69.695
797	69.695
798	69.695
799	69.695
800	69.695
801	69.695
802	69.695
803	69.695
804	69.695
805	69.695
806	69.695
807	69.695
808	69.695
809	69.695
810	69.695
811	69.695
812	69.695
813	69.695
814	69.695
815	69.695
816	69.695
817	69.695
818	69.695
819	69.695
820	69.695
821	69.695
822	69.695
823	69.695
824	69.695
825	69.695
826	69.695
827	69.695
828	69.695
829	69.695
830	69.695
831	69.695
832	69.695
833	69.695
834	69.695
835	69.695
836	69.695
837	69.695
838	69.695
839	69.695
840	69.695
841	69.695
842	69.695
843	69.695
844	69.695
845	69.695
846	69.695
847	69.695
848	69.695
849	69.695
850	69.695
851	69.695
852	69.695
853	69.695
854	69.695
855	69.695
856	69.695
857	69.695
858	69.695
859	69.695
860	69.695
861	69.695
862	69.695
863	69.695
864	69.695
865	69.695
866	69.695
867	69.695
868	69.695
869	69.695
870	69.695
871	69.695
872	69.695
873	69.695
874	69.695
875	69.695
876	69.695
877	69.695
878	69.695
879	69.695
880	69.695
881	69.695
882	69.695
883	69.695
884	69.695
885	69.695
886	69.695
887	69.695
888	69.695
889	69.695
890	69.695
891	69.695
892	69.695
893	69.695
894	69.695
895	69.695
896	69.695
897	69.695
898	69.695
899	69.695
900	69.695
901	69.695
902	69.695
903	69.695
904	69.695
905	69.695
906	69.695
907	69.695
908	69.695
909	69.695
910	69.695
911	69.695
912	69.695
913	69.695
914	69.695
915	69.695
916	69.695
917	69.695
918	69.695
919	69.695
920	69.695
921	69.695
922	69.695
923	69.695
924	69.695
925	69.695
926	69.695
927	69.695
928	69.695
929	69.695
930	69.695
931	69.695
932	69.695
933	69.695
934	69.695
935	69.695
936	69.695
937	69.695
938	69.695
939	69.695
940	69.695
941	69.695
942	69.695
943	69.695
944	69.695
945	69.695
946	69.695
947	69.695
948	69.695
949	69.695
950	69.695
951	69.695
952	69.695
953	69.695
954	69.695
955	69.695
956	69.695
957	69.695
958	69.695
959	69.695
960	69.695
961	69.695
962	69.695
963	69.695
964	69.695
965	69.695
966	69.695
967	69.695
968	69.695
969	69.695
970	69.695
971	69.695
972	69.695
973	69.695
974	69.695
975	69.695
976	69.695
977	69.695
978	69.695
979	69.695
980	69.695
981	69.695
982	69.695
983	69.695
984	69.695
985	69.695
986	69.695
987	69.695
988	69.695
989	69.695
990	69.695
991	69.695
992	69.695
993	69.695
994	69.695
995	69.695
996	69.695
997	69.695
998	69.695
999	69.695
1000	69.695
1001	69.695
1002	69.695
1003	69.695
1004	69.695
1005	69.695
1006	69.695
1007	69.695
1008	69.695
1009	69.695
1010	69.695
1011	69.695
1012	69.695
1013	69.695
1014	69.695
1015	69.695
1016	69.695
1017	69.695
1018	69.695
1019	69.695
1020	69.695
1021	69.695
1022	69.695
1023	69.695
1024	69.695
1025	69.695
1026	69.695
1027	69.695
1028	69.695
1029	69.695
1030	69.695
1031	69.695
1032	69.695
1033	69.695
1034	69.695
1035	69.695
1036	69.695
1037	69.695
1038	69.695
1039	69.695
1040	69.695
1041	69.695
1042	69.695
1043	69.695
1044	69.695
1045	69.695
1046	69.695
1047	69.695
1048	69.695
1049	69.695
1050	69.695
1051	69.695
1052	69.695
1053	69.695
1054	69.695
1055	69.695
1056	69.695
1057	69.695
1058	69.695
1059	69.695
1060	69.695
1061	69.695
1062	69.695
1063	69.695
1064	69.695
1065	69.695
1066	69.695
1067	69.695
1068	69.695
1069	69.695
1070	69.695
1071	69.695
1072	69.695
1073	69.695
1074	69.695
1075	69.695
1076	69.695
1077	69.695
1078	69.695
1079	69.695
1080	69.695
1081	69.695
1082	69.695
1083	69.695
1084	69.695
1085	69.695
1086	69.695
1087	69.695
1088	69.695
1089	69.695
1090	69.695
1091	69.695
1092	69.695
1093	69.695
1094	69.695
1095	69.695
1096	69.695
1097	69.695
1098	69.695
1099	69.695
1100	69.695
1101	69.695
1102	69.695
1103	69.695
1104	69.695
1105	69.695
1106	69.695
1107	69.695
1108	69.695
1109	69.695
1110	69.695
1111	69.695
1112	69.695
1113	69.695
1114	69.695
1115	69.695
1116	69.695
1117	69.695
1118	69.695
1119	69.695
1120	69.695
1121	69.695
1122	69.695
1123	69.695
1124	69.695
1125	69.695
1126	69.695
1127	69.695
1128	69.695
1129	69.695
1130	69.695
1131	69.695
1132	69.695
1133	69.695
1134	69.695
1135	69.695
1136	69.695
1137	69.695
1138	69.695
1139	69.695
1140	69.695
1141	69.695
1142	69.695
1143	69.695
1144	69.695
1145	69.695
1146	69.695
1147	69.695
1148	69.695
1149	69.695
1150	69.695
1151	69.695
1152	69.695
1153	69.695
1154	69.695
1155	69.695
1156	69.695
1157	69.695
1158	69.695
1159	69.695
1160	69.695
1161	69.695
1162	69.695
1163	69.695
1164	69.695
1165	69.695
1166	69.695
1167	69.695
1168	69.695
1169	69.695
1170	69.695
1171	69.695
1172	69.695
1173	69.695
1174	69.695
1175	69.695
1176	69.695
1177	69.695
1178	69.695
1179	69.695
1180	69.695
1181	69.695
1182	69.695
1183	69.695
1184	69.695
1185	69.695
1186	69.695
1187	69.695
1188	69.695
1189	69.695
1190	69.695
1191	69.695
1192	69.695
1193	69.695
1194	69.695
1195	69.695
1196	69.695
1197	69.695
1198	69.695
1199	69.695
1200	69.695
1201	69.695
1202	69.695
1203	69.695
1204	69.695
1205	69.695
1206	69.695
1207	69.695
1208	69.695
1209	69.695
1210	69.695
1211	69.695
1212	69.695
1213	69.695
1214	69.695
1215	69.695
1216	69.695
1217	69.695
1218	69.695
1219	69.695
1220	69.695
1221	69.695
1222	69.695
1223	69.695
1224	69.695
1225	69.695
1226	69.695
1227	69.695
1228	69.695
1229	69.695
1230	69.695
1231	69.695
1232	69.695
1233	69.695
1234	69.695
1235	69.695
1236	69.695
1237	69.695
1238	69.695
1239	69.695
1240	69.695
1241	69.695
1242	69.695
1243	69.695
1244	69.695
1245	69.695
1246	69.695
1247	69.695
1248	69.695
1249	69.695
1250	69.695
1251	69.695
1252	69.695
1253	69.695
1254	69.695
1255	69.695
1256	69.695
1257	69.695
1258	69.695
1259	69.695
1260	69.695
1261	69.695
1262	69.695
1263	69.695
1264	69.695
1265	69.695
1266	69.695
1267	69.695
1268	69.695
1269	69.695
1270	69.695
1271	69.695
1272	69.695
1273	69.695
1274	69.695
1275	69.695
1276	69.695
1277	69.695
1278	69.695
1279	69.695
1280	69.695
1281	69.695
1282	69.695
1283	69.695
1284	69.695
1285	69.695
1286	69.695
1287	69.695
1288	69.695
1289	69.695
1290	69.695
1291	69.695
1292	69.695
1293	69.695
1294	69.695
1295	69.695
1296	69.695
1297	69.695
1298	69.695
1299	69.695
1300	69.695
1301	69.695
1302	69.695
1303	69.695
1304	69.695
1305	69.695
1306	69.695
1307	69.695
1308	69.695
1309	69.695
1310	69.695
1311	69.695
1312	69.695
1313	69.695
1314	69.695
1315	69.695
1316	69.695
1317	69.695
1318	69.695
1319	69.695
1320	69.695
1321	69.695
1322	69.695
1323	69.695
1324	69.695
1325	69.695
1326	69.695
1327	69.695
1328	69.695
1329	69.695
1330	69.695
1331	69.695
1332	69.695
1333	69.695
1334	69.695
1335	69.695
1336	69.695
1337	69.695
1338	69.695
1339	69.695
1340	69.695
1341	69.695
1342	69.695
1343	69.695
1344	69.695
1345	69.695
1346	69.695
1347	69.695
1348	69.695
1349	69.695
1350	69.695
1351	69.695
1352	69.695
1353	69.695
1354	69.695
1355	69.695
1356	69.695
1357	69.695
1358	69.695
1359	69.695
1360	69.695
1361	69.695
1362	69.695
1363	69.695
1364	69.695
1365	69.695
1366	69.695
1367	69.695
1368	69.695
1369	69.695
1370	69.695
1371	69.695
1372	69.695
1373	69.695
1374	69.695
1375	69.695
1376	69.695
1377	69.695
1378	69.695
1379	69.695
1380	69.695
1381	69.695
1382	69.695
1383	69.695
1384	69.695
1385	69.695
1386	69.695
1387	69.695
1388	69.695
1389	69.695
1390	69.695
1391	69.695
1392	69.695
1393	69.695
1394	69.695
1395	69.695
1396	69.695
1397	69.695
1398	69.695
1399	69.695
1400	69.695
1401	69.695
1402	69.695
1403	69.695
1404	69.695
1405	69.695
1406	69.695
1407	69.695
1408	69.695
1409	69.695
1410	69.695
1411	69.695
1412	69.695
1413	69.695
1414	69.695
1415	69.695
1416	69.695
1417	69.695
1418	69.695
1419	69.695
1420	69.695
1421	69.695
1422	69.695
1423	69.695
1424	69.695
1425	69.695
1426	69.695
1427	69.695
1428	69.695
1429	69.695
1430	69.695
1431	69.695
1432	69.695
1433	69.695
1434	69.695
1435	69.695
1436	69.695
1437	69.695
1438	69.695
1439	69.695
1440	69.695
1441	69.695
1442	69.695
1443	69.695
1444	69.695
1445	69.695
1446	69.695
1447	69.695
1448	69.695
1449	69.695
1450	69.695
1451	69.695
1452	69.695
1453	69.695
1454	69.695
1455	69.695
1456	69.695
1457	69.695
1458	69.695
1459	69.695
1460	69.695
1461	69.695
1462	69.695
1463	69.695
1464	69.695
1465	69.695
1466	69.695
1467	69.695
1468	69.695
1469	69.695
1470	69.695
1471	69.695
1472	69.695
1473	69.695
1474	69.695
1475	69.695
1476	69.695
1477	69.695
1478	69.695
1479	69.695
1480	69.695
1481	69.695
1482	69.695
1483	69.695
1484	69.695
1485	69.695
1486	69.695
1487	69.695
1488	69.695
1489	69.695
1490	69.695
1491	69.695
1492	69.695
1493	69.695
1494	69.695
1495	69.695
1496	69.695
1497	69.695
1498	69.695
1499	69.695
1500	69.695
1501	69.695
1502	69.695
1503	69.695
1504	69.695
1505	69.695
1506	69.695
1507	69.695
1508	69.695
1509	69.695
1510	69.695
1511	69.695
1512	69.695
1513	69.695
1514	69.695
1515	69.695
1516	69.695
1517	69.695
1518	69.695
1519	69.695
1520	69.695
1521	69.695
1522	69.695
1523	69.695
1524	69.695
1525	69.695
1526	69.695
1527	69.695
1528	69.695
1529	69.695
1530	69.695
1531	69.695
1532	69.695
1533	69.695
1534	69.695
1535	69.695
1536	69.695
1537	69.695
1538	69.695
1539	69.695
1540	69.695
1541	69.695
1542	69.695
1543	69.695
1544	69.695
1545	69.695
1546	69.695
1547	69.695
1548	69.695
1549	69.695
1550	69.695
1551	69.695
1552	69.695
1553	69.695
1554	69.695
1555	69.695
1556	69.695
1557	69.695
1558	69.695
1559	69.695
1560	69.695
1561	69.695
1562	69.695
1563	69.695
1564	69.695
1565	69.695
1566	69.695
1567	69.695
1568	69.695
1569	69.695
1570	69.695
1571	69.695
1572	69.695
1573	69.695
1574	69.695
1575	69.695
1576	69.695
1577	69.695
1578	69.695
1579	69.695
1580	69.695
1581	69.695
1582	69.695
1583	69.695
1584	69.695
1585	69.695
1586	69.695
1587	69.695
1588	69.695
1589	69.695
1590	69.695
1591	69.695
1592	69.695
1593	69.695
1594	69.695
1595	69.695
1596	69.695
1597	69.695
1598	69.695
1599	69.695
1600	69.695
1601	69.695
1602	69.695
1603	69.695
1604	69.695
1605	69.695
1606	69.695
1607	69.695
1608	69.695
1609	69.695
1610	69.695
1611	69.695
1612	69.695
1613	69.695
1614	69.695
1615	69.695
1616	69.695
1617	69.695
1618	69.695
1619	69.695
1620	69.695
1621	69.695
1622	69.695
1623	69.695
1624	69.695
1625	69.695
1626	69.695
1627	69.695
1628	69.695
1629	69.695
1630	69.695
1631	69.695
1632	69.695
1633	69.695
1634	69.695
1635	69.695
1636	69.695
1637	69.695
1638	69.695
1639	69.695
1640	69.695
1641	69.695
1642	69.695
1643	69.695
1644	69.695
1645	69.695
1646	69.695
1647	69.695
1648	69.695
1649	69.695
1650	69.695
1651	69.695
1652	69.695
1653	69.695
1654	69.695
1655	69.695
1656	69.695
1657	69.695
1658	69.695
1659	69.695
1660	69.695
1661	69.695
1662	69.695
1663	69.695
1664	69.695
1665	69.695
1666	69.695
1667	69.695
1668	69.695
1669	69.695
1670	69.695
1671	69.695
1672	69.695
1673	69.695
1674	69.695
1675	69.695
1676	69.695
1677	69.695
1678	69.695
1679	69.695
1680	69.695
1681	69.695
1682	69.695
1683	69.695
1684	69.695
1685	69.695
1686	69.695
1687	69.695
1688	69.695
1689	69.695
1690	69.695
1691	69.695
1692	69.695
1693	69.695
1694	69.695
1695	69.695
1696	69.695
1697	69.695
1698	69.695
1699	69.695
1700	69.695
1701	69.695
1702	69.695
1703	69.695
1704	69.695
1705	69.695
1706	69.695
1707	69.695
1708	69.695
1709	69.695
1710	69.695
1711	69.695
1712	69.695
1713	69.695
1714	69.695
1715	69.695
1716	69.695
1717	69.695
1718	69.695
1719	69.695
1720	69.695
1721	69.695
1722	69.695
1723	69.695
1724	69.695
1725	69.695
1726	69.695
1727	69.695
1728	69.695
1729	69.695
1730	69.695
1731	69.695
1732	69.695
1733	69.695
1734	69.695
1735	69.695
1736	69.695
1737	69.695
1738	69.695
1739	69.695
1740	69.695
1741	69.695
1742	69.695
1743	69.695
1744	69.695
1745	69.695
1746	69.695
1747	69.695
1748	69.695
1749	69.695
1750	69.695
1751	69.695
1752	69.695
1753	69.695
1754	69.695
1755	69.695
1756	69.695
1757	69.695
1758	69.695
1759	69.695
1760	69.695
1761	69.695
1762	69.695
1763	69.695
1764	69.695
1765	69.695
1766	69.695
1767	69.695
1768	69.695
1769	69.695
1770	69.695
1771	69.695
1772	69.695
1773	69.695
1774	69.695
1775	69.695
1776	69.695
1777	69.695
1778	69.695
1779	69.695
1780	69.695
1781	69.695
1782	69.695
1783	69.695
1784	69.695
1785	69.695
1786	69.695
1787	69.695
1788	69.695
1789	69.695
1790	69.695
1791	69.695
1792	69.695
1793	69.695
1794	69.695
1795	69.695
1796	69.695
1797	69.695
1798	69.695
1799	69.695
1800	69.695
1801	69.695
1802	69.695
1803	69.695
1804	69.695
1805	69.695
1806	69.695
1807	69.695
1808	69.695
1809	69.695
1810	69.695
1811	69.695
1812	69.695
1813	69.695
1814	69.695
1815	69.695
1816	69.695
1817	69.695
1818	69.695
1819	69.695
1820	69.695
1821	69.695
1822	69.695
1823	69.695
1824	69.695
1825	69.695
1826	69.695
1827	69.695
1828	69.695
1829	69.695
1830	69.695
1831	69.695
1832	69.695
1833	69.695
1834	69.695
1835	69.695
1836	69.695
1837	69.695
1838	69.695
1839	69.695
1840	69.695
1841	69.695
1842	69.695
1843	69.695
1844	69.695
1845	69.695
1846	69.695
1847	69.695
1848	69.695
1849	69.695
1850	69.695
1851	69.695
1852	69.695
1853	69.695
1854	69.695
1855	69.695
1856	69.695
1857	69.695
1858	69.695
1859	69.695
1860	69.695
1861	69.695
1862	69.695
1863	69.695
1864	69.695
1865	69.695
1866	69.695
1867	69.695
1868	69.695
1869	69.695
1870	69.695
1871	69.695
1872	69.695
1873	69.695
1874	69.695
1875	69.695
1876	69.695
1877	69.695
1878	69.695
1879	69.695
1880	69.695
1881	69.695
1882	69.695
1883	69.695
1884	69.695
1885	69.695
1886	69.695
1887	69.695
1888	69.695
1889	69.695
1890	69.695
1891	69.695
1892	69.695
1893	69.695
1894	69.695
1895	69.695
1896	69.695
1897	69.695
1898	69.695
1899	69.695
1900	69.695
1901	69.695
1902	69.695
1903	69.695
1904	69.695
1905	69.695
1906	69.695
1907	69.695
1908	69.695
1909	69.695
1910	69.695
1911	69.695
1912	69.695
1913	69.695
1914	69.695
1915	69.695
1916	69.695
1917	69.695
1918	69.695
1919	69.695
1920	69.695
1921	69.695
1922	69.695
1923	69.695
1924	69.695
1925	69.695
1926	69.695
1927	69.695
1928	69.695
1929	69.695
1930	69.695
1931	69.695
1932	69.695
1933	69.695
1934	69.695
1935	69.695
1936	69.695
1937	69.695
1938	69.695
1939	69.695
1940	69.695
1941	69.695
1942	69.695
1943	69.695
1944	69.695
1945	69.695
1946	69.695
1947	69.695
1948	69.695
1949	69.695
1950	69.695
1951	69.695
1952	69.695
1953	69.695
1954	69.695
1955	69.695
1956	69.695
1957	69.695
1958	69.695
1959	69.695
1960	69.695
1961	69.695
1962	69.695
1963	69.695
1964	69.695
1965	69.695
1966	69.695
1967	69.695
1968	69.695
1969	69.695
1970	69.695
1971	69.695
1972	69.695
1973	69.695
1974	69.695
1975	69.695
1976	69.695
1977	69.695
1978	69.695
1979	69.695
1980	69.695
1981	69.695
1982	69.695
1983	69.695
1984	69.695
1985	69.695
1986	69.695
1987	69.695
1988	69.695
1989	69.695
1990	69.695
1991	69.695
1992	69.695
1993	69.695
1994	69.695
1995	69.695
1996	69.695
1997	69.695
1998	69.695
1999	69.695
2000	69.695
2001	69.695
2002	69.695
2003	69.695
2004	69.695
2005	69.695
2006	69.695
2007	69.695
2008	69.695
2009	69.695
2010	69.695
2011	69.695
2012	69.695
2013	69.695
2014	69.695
2015	69.695
2016	69.695
2017	69.695
2018	69.695
2019	69.695
2020	69.695
2021	69.695
2022	69.695
2023	69.695
2024	69.695
2025	69.695
2026	69.695
2027	69.695
2028	69.695
2029	69.695
2030	69.695
2031	69.695
2032	69.695
2033	69.695
2034	69.695
2035	69.695
2036	69.695
2037	69.695
2038	69.695
2039	69.695
2040	69.695
2041	69.695
2042	69.695
2043	69.695
2044	69.695
2045	69.695
2046	69.695
2047	69.695
2048	69.695
2049	69.695
2050	69.695
2051	69.695
2052	69.695
2053	69.695
2054	69.695
2055	69.695
2056	69.695
2057	69.695
2058	69.695
2059	69.695
2060	69.695
2061	69.695
2062	69.695
2063	69.695
2064	69.695
2065	69.695
2066	69.695
2067	69.695
2068	69.695
2069	69.695
2070	69.695
2071	69.695
2072	69.695
2073	69.695
2074	69.695
2075	69.695
2076	69.695
2077	69.695
2078	69.695
2079	69.695
2080	69.695
2081	69.695
2082	69.695
2083	69.695
2084	69.695
2085	69.695
2086	69.695
2087	69.695
2088	69.695
2089	69.695
2090	69.695
2091	69.695
2092	69.695
2093	69.695
2094	69.695
2095	69.695
2096	69.695
2097	69.695
2098	69.695
2099	69.695
2100	69.695
2101	69.695
2102	69.695
2103	69.695
2104	69.695
2105	69.695
2106	69.695
2107	69.695
2108	69.695
2109	69.695
2110	69.695
2111	69.695
2112	69.695
2113	69.695
2114	69.695
2115	69.695
2116	69.695
2117	69.695
2118	69.695
2119	69.695
2120	69.695
2121	69.695
2122	69.695
2123	69.695
2124	69.695
2125	69.695
2126	69.695
2127	69.695
2128	69.695
2129	69.695
2130	69.695
2131	69.695
2132	69.695
2133	69.695
2134	69.695
2135	69.695
2136	69.695
2137	69.695
2138	69.695
2139	69.695
2140	69.695
2141	69.695
2142	69.695
2143	69.695
2144	69.695
2145	69.695
2146	69.695
2147	69.695
2148	69.695
2149	69.695
2150	69.695
2151	69.695
2152	69.695
2153	69.695
2154	69.695
2155	69.695
2156	69.695
2157	69.695
2158	69.695
2159	69.695
2160	69.695
2161	69.695
2162	69.695
2163	69.695
2164	69.695
2165	69.695
2166	69.695
2167	69.695
2168	69.695
2169	69.695
2170	69.695
2171	69.695
2172	69.695
2173	69.695
2174	69.695
2175	69.695
2176	69.695
2177	69.695
2178	69.695
2179	69.695
2180	69.695
2181	69.695
2182	69.695
2183	69.695
2184	69.695
2185	69.695
2186	69.695
2187	69.695
2188	69.695
2189	69.695
2190	69.695
2191	69.695
2192	69.695
2193	69.695
2194	69.695
2195	69.695
2196	69.695
2197	69.695
2198	69.695
2199	69.695
2200	69.695
2201	69.695
2202	69.695
2203	69.695
2204	69.695
2205	69.695
2206	69.695
2207	69.695
2208	69.695
2209	69.6658
2210	69.6658
2211	69.6658
2212	69.4422
2213	69.4422
2214	69.4422
2215	69.4422
2216	69.4422
2217	69.4422
2218	69.4422
2219	69.4422
2220	69.4422
2221	69.4422
2222	69.4422
2223	69.4422
2224	69.4422
2225	69.4422
2226	69.3516
2227	69.3516
2228	69.3516
2229	69.3516
2230	69.3516
2231	69.3516
2232	69.3516
2233	69.3516
2234	69.3516
2235	69.3516
2236	69.3516
2237	69.3516
2238	69.3516
2239	69.3516
2240	69.3516
2241	69.3516
2242	69.3516
2243	69.3516
2244	69.3516
2245	69.3516
2246	69.3516
2247	69.3516
2248	69.3516
2249	69.3516
2250	69.3516
2251	69.3516
2252	69.3516
2253	69.3516
2254	69.3516
2255	69.3516
2256	69.3516
2257	69.3516
2258	69.3516
2259	69.3516
2260	69.3516
2261	69.3516
2262	69.3516
2263	69.3516
2264	69.3516
2265	69.3516
2266	69.3516
2267	69.3516
2268	69.3516
2269	69.3516
2270	69.3516
2271	69.3516
2272	69.3516
2273	69.3516
2274	69.3516
2275	69.3516
2276	69.3516
2277	69.3516
2278	69.3516
2279	69.3516
2280	69.3516
2281	69.3516
2282	69.3516
2283	69.3516
2284	69.3516
2285	69.3516
2286	69.3516
2287	69.3516
2288	69.3516
2289	69.3516
2290	69.3516
2291	69.3516
2292	69.3516
2293	69.3516
2294	69.3516
2295	69.3516
2296	69.3516
2297	69.3516
2298	69.3516
2299	69.3516
2300	69.3516
2301	69.3516
2302	69.3516
2303	69.3516
2304	69.3516
2305	69.3516
2306	69.3516
2307	69.3516
2308	69.3516
2309	69.3516
2310	69.3516
2311	69.3516
2312	69.3516
2313	69.3516
2314	69.3516
2315	69.3516
2316	69.3516
2317	69.3516
2318	69.3516
2319	69.3516
2320	69.3516
2321	69.3516
2322	69.3516
2323	69.3516
2324	69.3516
2325	69.3516
2326	69.3516
2327	69.3516
2328	69.3516
2329	69.3516
2330	69.3516
2331	69.3516
2332	69.3516
2333	69.3516
2334	69.3516
2335	69.3516
2336	69.3516
2337	69.3516
2338	69.3516
2339	69.3516
2340	69.3516
2341	69.3516
2342	69.3516
2343	69.3516
2344	69.3516
2345	69.3516
2346	69.3516
2347	69.3516
2348	69.3516
2349	69.3516
2350	69.3516
2351	69.3516
2352	69.3516
2353	69.3516
2354	69.3516
2355	69.3516
2356	69.3516
2357	69.3516
2358	69.3516
2359	69.3516
2360	69.3516
2361	69.3516
2362	69.3516
2363	69.3516
2364	69.3516
2365	69.3516
2366	69.3516
2367	69.3516
2368	69.3516
2369	69.3516
2370	69.3516
2371	69.3516
2372	69.3516
2373	69.3516
2374	69.3516
2375	69.3516
2376	69.3516
2377	69.3516
2378	69.3516
2379	69.3516
2380	69.3516
2381	69.3516
2382	69.3516
2383	69.3516
2384	69.3516
2385	69.3516
2386	69.3516
2387	69.3516
2388	69.3516
2389	69.3516
2390	69.3516
2391	69.3516
2392	69.3516
2393	69.3516
2394	69.3516
2395	69.3516
2396	69.3516
2397	69.3516
2398	69.3516
2399	69.3516
2400	69.3516
2401	69.3516
2402	69.3516
2403	69.3516
2404	69.3516
2405	69.3516
2406	69.3516
2407	69.3516
2408	69.3516
2409	69.3516
2410	69.3516
2411	69.3516
2412	69.3516
2413	69.3516
2414	69.3516
2415	69.3516
2416	69.3516
2417	69.3516
2418	69.3516
2419	69.3516
2420	69.3516
2421	69.3516
2422	69.3516
2423	69.3516
2424	69.3516
2425	69.3516
2426	69.3516
2427	69.3516
2428	69.3516
2429	69.3516
2430	69.3516
2431	69.3516
2432	69.3516
2433	69.3516
2434	69.3516
2435	69.3516
2436	69.3516
2437	69.3516
2438	69.3516
2439	69.3516
2440	69.3516
2441	69.3516
2442	69.3516
2443	69.3516
2444	69.3516
2445	69.3516
2446	69.3516
2447	69.3516
2448	69.3516
2449	69.3516
2450	69.3516
2451	69.3516
2452	69.3516
2453	69.3516
2454	69.3516
2455	69.3516
2456	69.3516
2457	69.3516
2458	69.3516
2459	69.3516
2460	69.3516
2461	69.3516
2462	69.3516
2463	69.3516
2464	69.3516
2465	69.3516
2466	69.3516
2467	69.3516
2468	69.3516
2469	69.3516
2470	69.3516
2471	69.3516
2472	69.3516
2473	69.3516
2474	69.3516
2475	69.3516
2476	69.3516
2477	69.3516
2478	69.3516
2479	69.3516
2480	69.3516
2481	69.3516
2482	69.3516
2483	69.3516
2484	69.3516
2485	69.3516
2486	69.3516
2487	69.3516
2488	69.3516
2489	69.3516
2490	69.3516
2491	69.3516
2492	69.3516
2493	69.3516
2494	69.3516
2495	69.3516
2496	69.3516
2497	69.3516
2498	69.3516
2499	69.3516
2500	69.3516
