Gen:	L_2
1	396.417
2	380.334
3	370.147
4	349.52
5	341.962
6	333.025
7	325.227
8	316.953
9	307.949
10	296.892
11	289.339
12	277.622
13	267.936
14	260.821
15	256.093
16	251.234
17	240.212
18	231.619
19	225.489
20	216.405
21	213.703
22	210.86
23	207.47
24	202.763
25	199.872
26	194.014
27	190.71
28	187.66
29	185.604
30	182.846
31	178.588
32	177.084
33	173.738
34	170.898
35	168.865
36	165.826
37	162.333
38	159.236
39	152.749
40	150.415
41	147.404
42	146.375
43	144.467
44	142.637
45	142.032
46	139.747
47	138.412
48	137.992
49	136.687
50	135.362
51	133.783
52	132.458
53	131.617
54	130.855
55	129.401
56	129.401
57	127.609
58	127.416
59	126.778
60	125.406
61	124.402
62	123.587
63	123.271
64	122.669
65	121.984
66	120.924
67	120.924
68	118.907
69	118.608
70	118.002
71	115.576
72	115.328
73	114.42
74	114.42
75	114.42
76	113.84
77	113.359
78	112.57
79	112.201
80	111.079
81	110.185
82	109.126
83	107.866
84	105.601
85	103.369
86	102.31
87	100.948
88	100.416
89	99.594
90	98.9006
91	98.4029
92	97.4904
93	96.4293
94	96.4293
95	96.1302
96	95.983
97	94.9953
98	94.021
99	94.0022
100	93.5807
101	93.1311
102	92.6831
103	92.3304
104	92.1284
105	91.6962
106	91.1776
107	90.7958
108	90.4431
109	90.2219
110	89.8691
111	89.5809
112	89.2281
113	88.4934
114	88.4934
115	88.0971
116	88.0762
117	87.4372
118	86.9978
119	86.6016
120	86.3959
121	85.598
122	84.8261
123	84.5709
124	84.1666
125	84.0085
126	83.1167
127	83.1167
128	82.7795
129	82.6214
130	82.6214
131	82.6214
132	82.6214
133	82.5415
134	82.4984
135	81.9473
136	81.7028
137	81.505
138	81.0951
139	80.6528
140	80.6096
141	80.2406
142	80.076
143	80.0081
144	79.8869
145	79.7223
146	79.5455
147	79.5455
148	79.5413
149	79.5413
150	79.3377
151	79.3377
152	79.2933
153	79.1438
154	78.8788
155	78.7262
156	78.7262
157	78.6653
158	78.4751
159	78.2505
160	78.2505
161	77.8391
162	77.8391
163	77.8391
164	77.8391
165	77.7283
166	77.7102
167	77.6415
168	77.6415
169	77.528
170	77.528
171	77.528
172	77.4317
173	77.4317
174	77.4317
175	77.0424
176	76.8658
177	76.5294
178	76.5294
179	76.5237
180	76.2872
181	76.2872
182	76.2681
183	76.2681
184	76.0849
185	75.9206
186	75.9206
187	75.9206
188	75.2719
189	75.2719
190	74.1273
191	74.1273
192	74.1273
193	74.1273
194	74.0911
195	74.0911
196	74.0911
197	74.0911
198	73.8356
199	73.8356
200	73.8356
201	73.8356
202	73.8356
203	73.8356
204	73.8356
205	73.8356
206	73.8356
207	73.1814
208	73.1814
209	73.1814
210	73.1814
211	73.1814
212	73.1814
213	73.1814
214	73.1814
215	73.1814
216	73.1814
217	73.1259
218	73.1259
219	73.1259
220	73.1259
221	73.1259
222	73.1259
223	73.1259
224	73.1259
225	73.1259
226	73.1259
227	73.1259
228	73.1156
229	73.1156
230	73.0404
231	73.0404
232	73.0404
233	73.0404
234	72.9921
235	72.7833
236	72.5859
237	72.3636
238	72.3636
239	72.3636
240	72.3636
241	72.3636
242	72.3636
243	72.3636
244	72.3636
245	72.2929
246	72.2929
247	72.2929
248	72.2929
249	72.2929
250	72.0687
251	72.0687
252	72.0687
253	72.0687
254	72.0687
255	72.0687
256	72.0687
257	72.0687
258	71.9811
259	71.9811
260	71.9811
261	71.9811
262	71.9811
263	71.9811
264	71.9811
265	71.9811
266	71.9811
267	71.9811
268	71.9811
269	71.9811
270	71.9811
271	71.9811
272	71.7856
273	71.7856
274	71.7856
275	71.7114
276	71.7114
277	71.7114
278	71.7114
279	71.7114
280	71.7114
281	71.7114
282	71.7114
283	71.7114
284	71.7114
285	71.7114
286	71.7114
287	71.7114
288	71.7114
289	71.5027
290	71.5027
291	71.5027
292	71.5027
293	71.5027
294	71.5027
295	71.5027
296	71.5027
297	71.5027
298	71.5027
299	71.5027
300	71.5027
301	71.5027
302	71.5027
303	71.5027
304	71.4303
305	71.4303
306	71.4303
307	71.4303
308	71.4303
309	71.4303
310	71.4303
311	71.4303
312	71.4303
313	71.4303
314	71.4303
315	71.4303
316	71.4303
317	71.4303
318	71.4303
319	71.4303
320	71.4203
321	71.4203
322	71.4203
323	71.4203
324	71.4203
325	71.4203
326	71.4203
327	71.4203
328	71.4203
329	71.4203
330	71.4203
331	71.4203
332	71.4203
333	71.4203
334	71.4203
335	71.4203
336	71.4203
337	71.4203
338	71.4203
339	71.4203
340	71.4203
341	71.4203
342	71.4203
343	71.3983
344	71.3983
345	71.3983
346	71.3983
347	71.3983
348	71.3983
349	71.3983
350	71.3983
351	71.3983
352	71.3983
353	71.3789
354	71.3789
355	71.3789
356	71.3789
357	71.3789
358	71.3789
359	71.3789
360	71.3789
361	71.3789
362	71.3789
363	71.3789
364	71.3789
365	71.3789
366	71.3789
367	71.3789
368	71.3789
369	71.3789
370	71.3789
371	71.3789
372	71.3789
373	71.3789
374	71.3789
375	71.3789
376	71.3789
377	71.3789
378	71.3789
379	71.3789
380	71.3789
381	71.3789
382	71.3789
383	71.3789
384	71.3789
385	71.3789
386	71.3789
387	71.3789
388	71.3789
389	71.3789
390	71.3789
391	71.3789
392	71.3789
393	71.3789
394	71.3789
395	71.3789
396	71.3789
397	71.3789
398	71.3789
399	71.3789
400	71.3789
401	71.3789
402	71.3789
403	71.3789
404	71.3789
405	71.3789
406	71.3789
407	71.3789
408	71.3789
409	71.3789
410	71.3789
411	71.3364
412	71.3364
413	71.1906
414	71.1906
415	71.1906
416	71.1906
417	71.1906
418	71.1906
419	71.1906
420	71.1906
421	71.1906
422	71.1906
423	71.1906
424	71.1906
425	71.1906
426	71.1906
427	71.1906
428	71.1906
429	71.1906
430	71.1906
431	71.1906
432	71.1906
433	71.1906
434	71.1906
435	71.1283
436	71.1283
437	71.1283
438	71.1283
439	71.1283
440	71.1283
441	71.1283
442	71.1283
443	71.1283
444	71.1283
445	71.1283
446	71.0438
447	71.0438
448	71.0438
449	71.0438
450	71.0438
451	71.0438
452	71.0438
453	71.0438
454	71.0438
455	71.0438
456	71.0438
457	71.0438
458	71.0438
459	71.0438
460	71.0438
461	71.0438
462	71.0438
463	71.0438
464	71.0438
465	71.0438
466	71.0438
467	71.0438
468	71.0438
469	71.0438
470	71.0438
471	71.0438
472	71.0438
473	71.0438
474	71.0438
475	71.0438
476	71.0438
477	71.0438
478	71.0438
479	71.0438
480	71.0438
481	71.0438
482	71.0438
483	71.0438
484	71.0438
485	71.0438
486	71.0438
487	71.0438
488	71.0438
489	71.0438
490	71.0438
491	71.0438
492	71.0438
493	71.0438
494	71.0438
495	71.0438
496	71.0438
497	71.0438
498	71.0438
499	71.0438
500	71.0438
501	71.0438
502	71.0438
503	71.0438
504	71.0438
505	71.0438
506	71.0438
507	71.0438
508	71.0438
509	71.0438
510	71.0438
511	71.0438
512	71.0118
513	70.9897
514	70.9897
515	70.9897
516	70.9897
517	70.9897
518	70.9035
519	70.9035
520	70.9035
521	70.9035
522	70.9035
523	70.9035
524	70.9035
525	70.7269
526	70.4601
527	70.4601
528	70.4601
529	70.4601
530	70.4601
531	70.4601
532	70.4601
533	70.4601
534	70.4601
535	70.4601
536	70.4601
537	70.4601
538	70.4601
539	70.4601
540	70.4601
541	70.4601
542	70.4601
543	70.4601
544	70.4601
545	70.4601
546	70.4601
547	70.4601
548	70.4601
549	70.4601
550	70.4601
551	70.4601
552	70.4601
553	70.4601
554	70.4601
555	70.4601
556	70.4601
557	70.4601
558	70.4601
559	70.4601
560	70.4601
561	70.4601
562	70.4601
563	70.4601
564	70.4601
565	70.446
566	70.446
567	70.446
568	70.446
569	70.446
570	70.446
571	70.446
572	70.446
573	70.446
574	70.446
575	70.446
576	70.446
577	70.446
578	70.446
579	70.446
580	70.446
581	70.446
582	70.446
583	70.446
584	70.446
585	70.446
586	70.446
587	70.446
588	70.446
589	70.446
590	70.446
591	70.446
592	70.446
593	70.446
594	70.446
595	70.446
596	70.446
597	70.446
598	70.446
599	70.446
600	70.446
601	70.446
602	70.446
603	70.446
604	70.446
605	70.446
606	70.446
607	70.446
608	70.446
609	70.446
610	70.446
611	70.446
612	70.446
613	70.446
614	70.446
615	70.446
616	70.446
617	70.446
618	70.446
619	70.446
620	70.446
621	70.446
622	70.446
623	70.446
624	70.446
625	70.446
626	70.446
627	70.446
628	70.446
629	70.446
630	70.446
631	70.446
632	70.446
633	70.446
634	70.446
635	70.446
636	70.446
637	70.446
638	70.446
639	70.446
640	70.446
641	70.446
642	70.446
643	70.446
644	70.446
645	70.446
646	70.446
647	70.446
648	70.446
649	70.446
650	70.446
651	70.446
652	70.446
653	70.446
654	70.446
655	70.446
656	70.446
657	70.446
658	70.446
659	70.446
660	70.446
661	70.446
662	70.446
663	70.446
664	70.446
665	70.446
666	70.446
667	70.446
668	70.446
669	70.446
670	70.446
671	70.446
672	70.446
673	70.446
674	70.446
675	70.446
676	70.446
677	70.446
678	70.446
679	70.446
680	70.446
681	70.446
682	70.446
683	70.446
684	70.446
685	70.446
686	70.446
687	70.446
688	70.446
689	70.446
690	70.446
691	70.446
692	70.446
693	70.446
694	70.446
695	70.446
696	70.446
697	70.446
698	70.446
699	70.446
700	70.446
701	70.446
702	70.446
703	70.446
704	70.446
705	70.446
706	70.446
707	70.446
708	70.446
709	70.446
710	70.446
711	70.446
712	70.446
713	70.446
714	70.446
715	70.446
716	70.446
717	70.446
718	70.446
719	70.446
720	70.446
721	70.446
722	70.446
723	70.446
724	70.446
725	70.446
726	70.446
727	70.446
728	70.446
729	70.446
730	70.446
731	70.446
732	70.446
733	70.446
734	70.446
735	70.446
736	70.446
737	70.446
738	70.446
739	70.446
740	70.446
741	70.446
742	70.446
743	70.446
744	70.446
745	70.446
746	70.446
747	70.446
748	70.446
749	70.446
750	70.446
751	70.446
752	70.446
753	70.446
754	70.446
755	70.446
756	70.446
757	70.446
758	70.446
759	70.446
760	70.446
761	70.446
762	70.446
763	70.446
764	70.446
765	70.446
766	70.446
767	70.446
768	70.446
769	70.446
770	70.446
771	70.446
772	70.446
773	70.446
774	70.446
775	70.446
776	70.446
777	70.446
778	70.446
779	70.446
780	70.446
781	70.446
782	70.446
783	70.446
784	70.446
785	70.446
786	70.446
787	70.446
788	70.446
789	70.446
790	70.446
791	70.446
792	70.446
793	70.446
794	70.446
795	70.446
796	70.446
797	70.446
798	70.446
799	70.446
800	70.446
801	70.446
802	70.446
803	70.446
804	70.446
805	70.446
806	70.446
807	70.446
808	70.446
809	70.446
810	70.446
811	70.446
812	70.446
813	70.446
814	70.446
815	70.446
816	70.446
817	70.446
818	70.446
819	70.446
820	70.446
821	70.446
822	70.446
823	70.446
824	70.446
825	70.446
826	70.446
827	70.446
828	70.446
829	70.446
830	70.446
831	70.446
832	70.446
833	70.446
834	70.446
835	70.446
836	70.446
837	70.446
838	70.446
839	70.446
840	70.446
841	70.446
842	70.446
843	70.446
844	70.446
845	70.446
846	70.446
847	70.446
848	70.446
849	70.446
850	70.446
851	70.446
852	70.446
853	70.446
854	70.446
855	70.446
856	70.446
857	70.446
858	70.446
859	70.446
860	70.446
861	70.446
862	70.446
863	70.446
864	70.446
865	70.446
866	70.446
867	70.446
868	70.446
869	70.446
870	70.446
871	70.446
872	70.446
873	70.446
874	70.446
875	70.446
876	70.446
877	70.446
878	70.446
879	70.446
880	70.446
881	70.446
882	70.446
883	70.446
884	70.446
885	70.446
886	70.446
887	70.446
888	70.446
889	70.446
890	70.446
891	70.446
892	70.446
893	70.446
894	70.446
895	70.446
896	70.446
897	70.446
898	70.446
899	70.446
900	70.446
901	70.446
902	70.446
903	70.446
904	70.446
905	70.446
906	70.446
907	70.446
908	70.446
909	70.446
910	70.446
911	70.446
912	70.446
913	70.446
914	70.446
915	70.446
916	70.446
917	70.446
918	70.446
919	70.446
920	70.446
921	70.446
922	70.446
923	70.446
924	70.446
925	70.446
926	70.446
927	70.446
928	70.446
929	70.446
930	70.446
931	70.446
932	70.446
933	70.446
934	70.446
935	70.446
936	70.446
937	70.446
938	70.446
939	70.446
940	70.446
941	70.446
942	70.446
943	70.446
944	70.446
945	70.446
946	70.446
947	70.446
948	70.446
949	70.446
950	70.446
951	70.446
952	70.446
953	70.446
954	70.446
955	70.446
956	70.446
957	70.446
958	70.446
959	70.446
960	70.446
961	70.446
962	70.446
963	70.446
964	70.446
965	70.446
966	70.446
967	70.446
968	70.446
969	70.446
970	70.446
971	70.446
972	70.446
973	70.446
974	70.446
975	70.446
976	70.446
977	70.446
978	70.446
979	70.446
980	70.446
981	70.446
982	70.446
983	70.446
984	70.446
985	70.446
986	70.446
987	70.446
988	70.446
989	70.446
990	70.446
991	70.446
992	70.446
993	70.446
994	70.446
995	70.446
996	70.446
997	70.446
998	70.446
999	70.446
1000	70.446
1001	70.446
1002	70.446
1003	70.446
1004	70.446
1005	70.446
1006	70.446
1007	70.446
1008	70.446
1009	70.446
1010	70.446
1011	70.446
1012	70.446
1013	70.446
1014	70.446
1015	70.446
1016	70.446
1017	70.446
1018	70.446
1019	70.446
1020	70.446
1021	70.446
1022	70.446
1023	70.446
1024	70.446
1025	70.446
1026	70.446
1027	70.446
1028	70.446
1029	70.446
1030	70.446
1031	70.446
1032	70.446
1033	70.446
1034	70.446
1035	70.446
1036	70.446
1037	70.446
1038	70.446
1039	70.446
1040	70.446
1041	70.446
1042	70.446
1043	70.446
1044	70.446
1045	70.446
1046	70.446
1047	70.446
1048	70.446
1049	70.446
1050	70.446
1051	70.446
1052	70.446
1053	70.446
1054	70.446
1055	70.446
1056	70.446
1057	70.446
1058	70.446
1059	70.446
1060	70.446
1061	70.446
1062	70.446
1063	70.446
1064	70.446
1065	70.446
1066	70.446
1067	70.446
1068	70.446
1069	70.446
1070	70.446
1071	70.446
1072	70.446
1073	70.446
1074	70.446
1075	70.446
1076	70.446
1077	70.446
1078	70.446
1079	70.446
1080	70.446
1081	70.446
1082	70.446
1083	70.446
1084	70.446
1085	70.446
1086	70.446
1087	70.446
1088	70.446
1089	70.446
1090	70.446
1091	70.446
1092	70.446
1093	70.446
1094	70.446
1095	70.446
1096	70.446
1097	70.446
1098	70.446
1099	70.446
1100	70.446
1101	70.446
1102	70.446
1103	70.446
1104	70.446
1105	70.446
1106	70.446
1107	70.446
1108	70.446
1109	70.446
1110	70.446
1111	70.446
1112	70.446
1113	70.446
1114	70.446
1115	70.446
1116	70.446
1117	70.446
1118	70.446
1119	70.446
1120	70.446
1121	70.446
1122	70.446
1123	70.446
1124	70.446
1125	70.446
1126	70.446
1127	70.446
1128	70.446
1129	70.446
1130	70.446
1131	70.446
1132	70.446
1133	70.446
1134	70.446
1135	70.446
1136	70.446
1137	70.446
1138	70.446
1139	70.446
1140	70.446
1141	70.446
1142	70.446
1143	70.446
1144	70.446
1145	70.446
1146	70.446
1147	70.446
1148	70.446
1149	70.446
1150	70.446
1151	70.446
1152	70.446
1153	70.446
1154	70.446
1155	70.446
1156	70.446
1157	70.446
1158	70.446
1159	70.446
1160	70.446
1161	70.446
1162	70.446
1163	70.446
1164	70.446
1165	70.446
1166	70.446
1167	70.446
1168	70.446
1169	70.446
1170	70.446
1171	70.446
1172	70.446
1173	70.446
1174	70.446
1175	70.446
1176	70.446
1177	70.446
1178	70.446
1179	70.446
1180	70.446
1181	70.446
1182	70.446
1183	70.446
1184	70.446
1185	70.446
1186	70.446
1187	70.446
1188	70.446
1189	70.446
1190	70.446
1191	70.446
1192	70.446
1193	70.446
1194	70.446
1195	70.446
1196	70.446
1197	70.446
1198	70.446
1199	70.446
1200	70.446
1201	70.446
1202	70.446
1203	70.446
1204	70.446
1205	70.446
1206	70.446
1207	70.446
1208	70.446
1209	70.446
1210	70.446
1211	70.446
1212	70.446
1213	70.446
1214	70.446
1215	70.446
1216	70.446
1217	70.446
1218	70.446
1219	70.446
1220	70.446
1221	70.446
1222	70.446
1223	70.446
1224	70.446
1225	70.446
1226	70.446
1227	70.446
1228	70.446
1229	70.446
1230	70.2592
1231	70.2592
1232	70.2592
1233	70.2592
1234	70.1548
1235	70.1548
1236	70.1548
1237	70.1548
1238	70.1548
1239	70.1548
1240	70.1548
1241	70.1548
1242	70.1548
1243	70.1548
1244	70.1548
1245	70.1548
1246	70.1548
1247	70.1548
1248	70.1548
1249	70.1548
1250	70.1548
1251	70.1548
1252	70.1548
1253	70.1548
1254	70.1548
1255	70.1548
1256	70.1548
1257	70.1548
1258	70.1548
1259	70.1548
1260	70.1548
1261	70.1548
1262	70.1548
1263	70.1548
1264	70.1548
1265	70.1548
1266	70.1548
1267	70.1548
1268	70.1548
1269	70.1548
1270	70.1548
1271	70.1548
1272	70.1548
1273	70.1548
1274	70.1548
1275	70.1548
1276	70.1548
1277	70.1548
1278	70.1548
1279	70.1548
1280	70.1548
1281	70.1548
1282	70.1548
1283	70.1548
1284	70.1548
1285	70.1548
1286	70.1548
1287	70.1548
1288	70.1548
1289	70.1548
1290	70.1548
1291	70.1548
1292	70.1548
1293	70.1548
1294	70.1548
1295	70.1548
1296	70.1548
1297	70.1548
1298	70.1548
1299	70.1548
1300	70.1548
1301	70.1548
1302	70.1548
1303	70.1548
1304	70.1548
1305	70.1548
1306	70.1548
1307	70.1548
1308	70.1548
1309	70.1548
1310	70.1548
1311	70.1548
1312	70.1548
1313	70.1548
1314	70.1548
1315	70.1548
1316	70.1548
1317	70.1548
1318	70.1548
1319	70.1548
1320	70.1548
1321	70.1548
1322	70.1548
1323	70.1548
1324	70.1548
1325	70.1548
1326	70.1548
1327	70.1548
1328	70.1548
1329	70.1548
1330	70.1548
1331	70.1548
1332	70.1548
1333	70.1548
1334	70.1548
1335	70.1548
1336	70.1548
1337	70.1548
1338	70.1548
1339	70.1548
1340	70.1548
1341	70.1548
1342	70.1548
1343	70.1548
1344	70.1548
1345	70.1548
1346	70.1548
1347	70.1548
1348	70.1548
1349	70.1548
1350	70.1548
1351	70.1548
1352	70.1548
1353	70.1548
1354	70.1548
1355	70.1548
1356	70.1548
1357	70.1548
1358	70.1548
1359	70.1548
1360	70.1548
1361	70.1548
1362	70.1548
1363	70.1548
1364	70.1548
1365	70.1548
1366	70.1548
1367	70.1548
1368	70.1548
1369	70.1548
1370	70.1548
1371	70.1548
1372	70.1548
1373	70.1548
1374	70.1548
1375	70.1548
1376	70.1548
1377	70.1548
1378	70.1548
1379	70.1548
1380	70.1058
1381	70.1058
1382	70.1058
1383	70.1058
1384	70.1058
1385	70.055
1386	69.9302
1387	69.9302
1388	69.9302
1389	69.9302
1390	69.9302
1391	69.9302
1392	69.9302
1393	69.9302
1394	69.9302
1395	69.9302
1396	69.9302
1397	69.4947
1398	69.4947
1399	69.4947
1400	69.4947
1401	69.4947
1402	69.4947
1403	69.4947
1404	69.4947
1405	69.4947
1406	69.4947
1407	69.4947
1408	69.4947
1409	69.4947
1410	69.4947
1411	69.4947
1412	69.4947
1413	69.4947
1414	69.4947
1415	69.4947
1416	69.4947
1417	69.4947
1418	69.4947
1419	69.4947
1420	69.4947
1421	69.4947
1422	69.4947
1423	69.4947
1424	69.4947
1425	69.4947
1426	69.4947
1427	69.4947
1428	69.4947
1429	69.4947
1430	69.4947
1431	69.4947
1432	69.4947
1433	69.4947
1434	69.4947
1435	69.4947
1436	69.4947
1437	69.4947
1438	69.4947
1439	69.4947
1440	69.4947
1441	69.4947
1442	69.4947
1443	69.4947
1444	69.4947
1445	69.4947
1446	69.4947
1447	69.4947
1448	69.4947
1449	69.4947
1450	69.4947
1451	69.4947
1452	69.4947
1453	69.4947
1454	69.4947
1455	69.4947
1456	69.4947
1457	69.4947
1458	69.4947
1459	69.4947
1460	69.4947
1461	69.4947
1462	69.4947
1463	69.4947
1464	69.4947
1465	69.4947
1466	69.4947
1467	69.4947
1468	69.4947
1469	69.4947
1470	69.4947
1471	69.4947
1472	69.4947
1473	69.4947
1474	69.4947
1475	69.4947
1476	69.4947
1477	69.4947
1478	69.4947
1479	69.4947
1480	69.4947
1481	69.4947
1482	69.4947
1483	69.4947
1484	69.4947
1485	69.4947
1486	69.4947
1487	69.4947
1488	69.4947
1489	69.4947
1490	69.4947
1491	69.4947
1492	69.4947
1493	69.4947
1494	69.4947
1495	69.4947
1496	69.4947
1497	69.4947
1498	69.4947
1499	69.4947
1500	69.4947
1501	69.4947
1502	69.4947
1503	69.4947
1504	69.4947
1505	69.4947
1506	69.4947
1507	69.4947
1508	69.4947
1509	69.4947
1510	69.4947
1511	69.4947
1512	69.4947
1513	69.4947
1514	69.4947
1515	69.4947
1516	69.4947
1517	69.4947
1518	69.4947
1519	69.4947
1520	69.4947
1521	69.4947
1522	69.4947
1523	69.4947
1524	69.4947
1525	69.4947
1526	69.4947
1527	69.4947
1528	69.4947
1529	69.4947
1530	69.4947
1531	69.4947
1532	69.4947
1533	69.4947
1534	69.4947
1535	69.4947
1536	69.4947
1537	69.4947
1538	69.4947
1539	69.4947
1540	69.4947
1541	69.4947
1542	69.4947
1543	69.4947
1544	69.4947
1545	69.4947
1546	69.4947
1547	69.4947
1548	69.4947
1549	69.4947
1550	69.4947
1551	69.4947
1552	69.4947
1553	69.4947
1554	69.4947
1555	69.4947
1556	69.4947
1557	69.4947
1558	69.4947
1559	69.4947
1560	69.4947
1561	69.4947
1562	69.4947
1563	69.4947
1564	69.4947
1565	69.4947
1566	69.4947
1567	69.4947
1568	69.4947
1569	69.4947
1570	69.4947
1571	69.4947
1572	69.4947
1573	69.4947
1574	69.4947
1575	69.4947
1576	69.4947
1577	69.4947
1578	69.4947
1579	69.4947
1580	69.4947
1581	69.4947
1582	69.4947
1583	69.4947
1584	69.4947
1585	69.4947
1586	69.4947
1587	69.4947
1588	69.4947
1589	69.4947
1590	69.4947
1591	69.4947
1592	69.4947
1593	69.4947
1594	69.4947
1595	69.4947
1596	69.4947
1597	69.4947
1598	69.4947
1599	69.4947
1600	69.4947
1601	69.4947
1602	69.4947
1603	69.4947
1604	69.4947
1605	69.4947
1606	69.4947
1607	69.4947
1608	69.4947
1609	69.4947
1610	69.4947
1611	69.4947
1612	69.4947
1613	69.4947
1614	69.4947
1615	69.4947
1616	69.4947
1617	69.4947
1618	69.4947
1619	69.4947
1620	69.4947
1621	69.4947
1622	69.4947
1623	69.4947
1624	69.4947
1625	69.4947
1626	69.4947
1627	69.4947
1628	69.4947
1629	69.4947
1630	69.4947
1631	69.4947
1632	69.4947
1633	69.4947
1634	69.4947
1635	69.4947
1636	69.4947
1637	69.4947
1638	69.4947
1639	69.4947
1640	69.4947
1641	69.4947
1642	69.4947
1643	69.4947
1644	69.4947
1645	69.4947
1646	69.4947
1647	69.4947
1648	69.4947
1649	69.4947
1650	69.4947
1651	69.4947
1652	69.4947
1653	69.4947
1654	69.4947
1655	69.4947
1656	69.4947
1657	69.4947
1658	69.4947
1659	69.4947
1660	69.4947
1661	69.4947
1662	69.4947
1663	69.4947
1664	69.4947
1665	69.4947
1666	69.4947
1667	69.4947
1668	69.4947
1669	69.4947
1670	69.4947
1671	69.4947
1672	69.4947
1673	69.4947
1674	69.4947
1675	69.4947
1676	69.4947
1677	69.4947
1678	69.4947
1679	69.4947
1680	69.4947
1681	69.4947
1682	69.4947
1683	69.4947
1684	69.4947
1685	69.4947
1686	69.4947
1687	69.4947
1688	69.4947
1689	69.4947
1690	69.4947
1691	69.4947
1692	69.4947
1693	69.4947
1694	69.4947
1695	69.4947
1696	69.4947
1697	69.4947
1698	69.4947
1699	69.4947
1700	69.4947
1701	69.4947
1702	69.4947
1703	69.4947
1704	69.4947
1705	69.4947
1706	69.4947
1707	69.4947
1708	69.4947
1709	69.4947
1710	69.4947
1711	69.4947
1712	69.4947
1713	69.4947
1714	69.4947
1715	69.4947
1716	69.4947
1717	69.4947
1718	69.4947
1719	69.4947
1720	69.4947
1721	69.4947
1722	69.4947
1723	69.4947
1724	69.4947
1725	69.4947
1726	69.4947
1727	69.4947
1728	69.4947
1729	69.4947
1730	69.4947
1731	69.4947
1732	69.4947
1733	69.4947
1734	69.4947
1735	69.4947
1736	69.4947
1737	69.4947
1738	69.4947
1739	69.4947
1740	69.4947
1741	69.4947
1742	69.4947
1743	69.4947
1744	69.4947
1745	69.4947
1746	69.4947
1747	69.4947
1748	69.4947
1749	69.4947
1750	69.4947
1751	69.4947
1752	69.4947
1753	69.4947
1754	69.4947
1755	69.4947
1756	69.4947
1757	69.4947
1758	69.4947
1759	69.4947
1760	69.4947
1761	69.4947
1762	69.4947
1763	69.4947
1764	69.4947
1765	69.4947
1766	69.4947
1767	69.4947
1768	69.4947
1769	69.4947
1770	69.4947
1771	69.4947
1772	69.4947
1773	69.4947
1774	69.4947
1775	69.4947
1776	69.4947
1777	69.4947
1778	69.4947
1779	69.4947
1780	69.4947
1781	69.4947
1782	69.4947
1783	69.4947
1784	69.4947
1785	69.4947
1786	69.4947
1787	69.4947
1788	69.4947
1789	69.4947
1790	69.4947
1791	69.4947
1792	69.4947
1793	69.4947
1794	69.4947
1795	69.4947
1796	69.4947
1797	69.4947
1798	69.4947
1799	69.4947
1800	69.4947
1801	69.4947
1802	69.4947
1803	69.4947
1804	69.4947
1805	69.4947
1806	69.4947
1807	69.4947
1808	69.4947
1809	69.4947
1810	69.4947
1811	69.4947
1812	69.4947
1813	69.4947
1814	69.4947
1815	69.4947
1816	69.4947
1817	69.4947
1818	69.4947
1819	69.4947
1820	69.4947
1821	69.4947
1822	69.4947
1823	69.4947
1824	69.4947
1825	69.4947
1826	69.4947
1827	69.4947
1828	69.4947
1829	69.4947
1830	69.4947
1831	69.4947
1832	69.4947
1833	69.4947
1834	69.4947
1835	69.4947
1836	69.4947
1837	69.4947
1838	69.4947
1839	69.4947
1840	69.4947
1841	69.4947
1842	69.4947
1843	69.4947
1844	69.4947
1845	69.4947
1846	69.4947
1847	69.4947
1848	69.4947
1849	69.4947
1850	69.4947
1851	69.4947
1852	69.4947
1853	69.4947
1854	69.4947
1855	69.4947
1856	69.4947
1857	69.4947
1858	69.4947
1859	69.4947
1860	69.4947
1861	69.4947
1862	69.4947
1863	69.4947
1864	69.4947
1865	69.4947
1866	69.4947
1867	69.4947
1868	69.4947
1869	69.4947
1870	69.4947
1871	69.4947
1872	69.4947
1873	69.4947
1874	69.4947
1875	69.4947
1876	69.4947
1877	69.4947
1878	69.4947
1879	69.4947
1880	69.4947
1881	69.4947
1882	69.4947
1883	69.4947
1884	69.4947
1885	69.4947
1886	69.4947
1887	69.4947
1888	69.4947
1889	69.4947
1890	69.4947
1891	69.4947
1892	69.4947
1893	69.4947
1894	69.4947
1895	69.4947
1896	69.4947
1897	69.4947
1898	69.4947
1899	69.4947
1900	69.4947
1901	69.4947
1902	69.4947
1903	69.4947
1904	69.4947
1905	69.4947
1906	69.4947
1907	69.4947
1908	69.4947
1909	69.4947
1910	69.4947
1911	69.4947
1912	69.4947
1913	69.4947
1914	69.4947
1915	69.4947
1916	69.4947
1917	69.4947
1918	69.4947
1919	69.4947
1920	69.4947
1921	69.4947
1922	69.4947
1923	69.4947
1924	69.4947
1925	69.4947
1926	69.4947
1927	69.4947
1928	69.4947
1929	69.4947
1930	69.4947
1931	69.4947
1932	69.4947
1933	69.4947
1934	69.4947
1935	69.4947
1936	69.4947
1937	69.4947
1938	69.4947
1939	69.4947
1940	69.4947
1941	69.4947
1942	69.4947
1943	69.4947
1944	69.4947
1945	69.4947
1946	69.4947
1947	69.4947
1948	69.4947
1949	69.4947
1950	69.4947
1951	69.4947
1952	69.4947
1953	69.4947
1954	69.4947
1955	69.4947
1956	69.4947
1957	69.4947
1958	69.4947
1959	69.4947
1960	69.4947
1961	69.4947
1962	69.4947
1963	69.4947
1964	69.4947
1965	69.4947
1966	69.4947
1967	69.4947
1968	69.4947
1969	69.4947
1970	69.4947
1971	69.4947
1972	69.4947
1973	69.4947
1974	69.4947
1975	69.4947
1976	69.4947
1977	69.4947
1978	69.4947
1979	69.4947
1980	69.4947
1981	69.4947
1982	69.4947
1983	69.4947
1984	69.4947
1985	69.4947
1986	69.4947
1987	69.4947
1988	69.4947
1989	69.4947
1990	69.4947
1991	69.4947
1992	69.4947
1993	69.4947
1994	69.4947
1995	69.4947
1996	69.4947
1997	69.4947
1998	69.4947
1999	69.4947
2000	69.4947
2001	69.4947
2002	69.4947
2003	69.4947
2004	69.4947
2005	69.4947
2006	69.4947
2007	69.4947
2008	69.4947
2009	69.4947
2010	69.4947
2011	69.4947
2012	69.4947
2013	69.4947
2014	69.4947
2015	69.4947
2016	69.4947
2017	69.4947
2018	69.4947
2019	69.4947
2020	69.4947
2021	69.4947
2022	69.4947
2023	69.4947
2024	69.4947
2025	69.4947
2026	69.4947
2027	69.4947
2028	69.4947
2029	69.4947
2030	69.4947
2031	69.4947
2032	69.4947
2033	69.4947
2034	69.4947
2035	69.4947
2036	69.4947
2037	69.4947
2038	69.4947
2039	69.4947
2040	69.4947
2041	69.4947
2042	69.4947
2043	69.4947
2044	69.4947
2045	69.4947
2046	69.4947
2047	69.4947
2048	69.4947
2049	69.4947
2050	69.4947
2051	69.4947
2052	69.4947
2053	69.4947
2054	69.4947
2055	69.4947
2056	69.4947
2057	69.4947
2058	69.4947
2059	69.4947
2060	69.4947
2061	69.4947
2062	69.4947
2063	69.4947
2064	69.4947
2065	69.4947
2066	69.4947
2067	69.4947
2068	69.4947
2069	69.4947
2070	69.4947
2071	69.4947
2072	69.4947
2073	69.4947
2074	69.4947
2075	69.4947
2076	69.4947
2077	69.4947
2078	69.4947
2079	69.4947
2080	69.4947
2081	69.4947
2082	69.4947
2083	69.4947
2084	69.4947
2085	69.4947
2086	69.4947
2087	69.4947
2088	69.4947
2089	69.4947
2090	69.4947
2091	69.4947
2092	69.4947
2093	69.4947
2094	69.4947
2095	69.4947
2096	69.4947
2097	69.4947
2098	69.4947
2099	69.4947
2100	69.4947
2101	69.4947
2102	69.4947
2103	69.4947
2104	69.4947
2105	69.4947
2106	69.4947
2107	69.4947
2108	69.4947
2109	69.4947
2110	69.4947
2111	69.4947
2112	69.4947
2113	69.4947
2114	69.4947
2115	69.4947
2116	69.4947
2117	69.4947
2118	69.4947
2119	69.4947
2120	69.4947
2121	69.4947
2122	69.4947
2123	69.4947
2124	69.4947
2125	69.4947
2126	69.4947
2127	69.4947
2128	69.4947
2129	69.4947
2130	69.4947
2131	69.4947
2132	69.4947
2133	69.4947
2134	69.4947
2135	69.4947
2136	69.4947
2137	69.4947
2138	69.4947
2139	69.4947
2140	69.4947
2141	69.4947
2142	69.4947
2143	69.4947
2144	69.4947
2145	69.4947
2146	69.4947
2147	69.4947
2148	69.4947
2149	69.4947
2150	69.4947
2151	69.4947
2152	69.4947
2153	69.4947
2154	69.4947
2155	69.4947
2156	69.4947
2157	69.4947
2158	69.4947
2159	69.4947
2160	69.4947
2161	69.4947
2162	69.4947
2163	69.4947
2164	69.4947
2165	69.4947
2166	69.4947
2167	69.4947
2168	69.4947
2169	69.4947
2170	69.4947
2171	69.4947
2172	69.4947
2173	69.4947
2174	69.4947
2175	69.4947
2176	69.4947
2177	69.4947
2178	69.4947
2179	69.4947
2180	69.4947
2181	69.4947
2182	69.4947
2183	69.4947
2184	69.4947
2185	69.4947
2186	69.4947
2187	69.4947
2188	69.4947
2189	69.4947
2190	69.4947
2191	69.4947
2192	69.4947
2193	69.4947
2194	69.4947
2195	69.4947
2196	69.4947
2197	69.4947
2198	69.4947
2199	69.4947
2200	69.4947
2201	69.4947
2202	69.4947
2203	69.4947
2204	69.4947
2205	69.4947
2206	69.4947
2207	69.4947
2208	69.4947
2209	69.4947
2210	69.4947
2211	69.4947
2212	69.4947
2213	69.4947
2214	69.4947
2215	69.4947
2216	69.4947
2217	69.4947
2218	69.4947
2219	69.4947
2220	69.4947
2221	69.4947
2222	69.4947
2223	69.4947
2224	69.4947
2225	69.4947
2226	69.4947
2227	69.4947
2228	69.4947
2229	69.4947
2230	69.4947
2231	69.4947
2232	69.4947
2233	69.4947
2234	69.4947
2235	69.4947
2236	69.4947
2237	69.4947
2238	69.4947
2239	69.4947
2240	69.4947
2241	69.4947
2242	69.4947
2243	69.4947
2244	69.4947
2245	69.4947
2246	69.4947
2247	69.4947
2248	69.4947
2249	69.4947
2250	69.4947
2251	69.4947
2252	69.4947
2253	69.4947
2254	69.4947
2255	69.4947
2256	69.4947
2257	69.4947
2258	69.4947
2259	69.4947
2260	69.4947
2261	69.4947
2262	69.4947
2263	69.4947
2264	69.4947
2265	69.4947
2266	69.4947
2267	69.4947
2268	69.4947
2269	69.4947
2270	69.4947
2271	69.4947
2272	69.4947
2273	69.4947
2274	69.4947
2275	69.4947
2276	69.4947
2277	69.4947
2278	69.4947
2279	69.4947
2280	69.4947
2281	69.4947
2282	69.4947
2283	69.4947
2284	69.4947
2285	69.4947
2286	69.4947
2287	69.4947
2288	69.4947
2289	69.4947
2290	69.4947
2291	69.4947
2292	69.4947
2293	69.4947
2294	69.4947
2295	69.4947
2296	69.4947
2297	69.4947
2298	69.4947
2299	69.4947
2300	69.4947
2301	69.4947
2302	69.4947
2303	69.4947
2304	69.4947
2305	69.4947
2306	69.4947
2307	69.4947
2308	69.4947
2309	69.4947
2310	69.4947
2311	69.4947
2312	69.4947
2313	69.4947
2314	69.4947
2315	69.4947
2316	69.4947
2317	69.4947
2318	69.4947
2319	69.4947
2320	69.4947
2321	69.4947
2322	69.4947
2323	69.4947
2324	69.4947
2325	69.4947
2326	69.4947
2327	69.4947
2328	69.4947
2329	69.4947
2330	69.4947
2331	69.4947
2332	69.4947
2333	69.4947
2334	69.4947
2335	69.4947
2336	69.4947
2337	69.4947
2338	69.4947
2339	69.4947
2340	69.4947
2341	69.4947
2342	69.4947
2343	69.4947
2344	69.4947
2345	69.4947
2346	69.4947
2347	69.4947
2348	69.4947
2349	69.4947
2350	69.4947
2351	69.4947
2352	69.4947
2353	69.4947
2354	69.4947
2355	69.4947
2356	69.4947
2357	69.4947
2358	69.4947
2359	69.1411
2360	69.1411
2361	69.1411
2362	69.1411
2363	69.1411
2364	69.1411
2365	69.1411
2366	69.1411
2367	69.1411
2368	69.1411
2369	69.1411
2370	69.1411
2371	69.1411
2372	69.1411
2373	69.1411
2374	69.1411
2375	69.1411
2376	69.1411
2377	69.1411
2378	69.1411
2379	69.1411
2380	69.1411
2381	69.1411
2382	69.1411
2383	69.1411
2384	69.1411
2385	69.1411
2386	69.1411
2387	69.1411
2388	69.1411
2389	69.1411
2390	69.1411
2391	69.1411
2392	69.1411
2393	69.1411
2394	69.1411
2395	69.1411
2396	69.1411
2397	69.1411
2398	69.1411
2399	69.1411
2400	69.1411
2401	69.1411
2402	69.1411
2403	69.1411
2404	69.1411
2405	69.1411
2406	69.1411
2407	69.1411
2408	69.1411
2409	69.1411
2410	69.1411
2411	69.1411
2412	69.1411
2413	69.1411
2414	69.1411
2415	69.1411
2416	69.1411
2417	69.1411
2418	69.1411
2419	69.1411
2420	69.1411
2421	69.1411
2422	69.1411
2423	69.1411
2424	69.1411
2425	69.1411
2426	69.1411
2427	69.1411
2428	69.1411
2429	69.1411
2430	69.1411
2431	69.1411
2432	69.1411
2433	69.1411
2434	69.1411
2435	69.1411
2436	69.1411
2437	69.1411
2438	69.1411
2439	69.1411
2440	69.1411
2441	69.1411
2442	69.1411
2443	69.1411
2444	69.1411
2445	69.1411
2446	69.1411
2447	69.1411
2448	69.1411
2449	69.1411
2450	69.1411
2451	69.1411
2452	69.1411
2453	69.1411
2454	69.1411
2455	69.1411
2456	69.1411
2457	69.1411
2458	69.1411
2459	69.1411
2460	69.1411
2461	69.1411
2462	69.1411
2463	69.1411
2464	69.1411
2465	69.1411
2466	69.1411
2467	69.1411
2468	69.1411
2469	69.1411
2470	69.1411
2471	69.1411
2472	69.1411
2473	69.1411
2474	69.1411
2475	69.1411
2476	69.1411
2477	69.1411
2478	69.1411
2479	69.1411
2480	69.1411
2481	69.1411
2482	69.1411
2483	69.1411
2484	69.1411
2485	69.1411
2486	69.1411
2487	69.1411
2488	69.1411
2489	69.1411
2490	69.1411
2491	69.1411
2492	69.1411
2493	69.1411
2494	69.1411
2495	69.1411
2496	69.1411
2497	69.1411
2498	69.1411
2499	69.1411
2500	69.1411
