Gen:	<L_2>
0	510.106
1	459.689
2	430.168
3	406.248
4	389.518
5	375.075
6	363.934
7	350.586
8	337.383
9	325.692
10	314.493
11	303.225
12	293.071
13	283.049
14	272.822
15	265.041
16	258.125
17	252.49
18	247.437
19	242.434
20	238.506
21	235.262
22	231.546
23	228.428
24	224.865
25	221.258
26	217.168
27	213.771
28	211.35
29	207.948
30	204.693
31	200.919
32	196.919
33	193.442
34	190.248
35	186.102
36	181.856
37	178.437
38	175.748
39	173.808
40	172.017
41	169.709
42	166.999
43	164.859
44	162.698
45	160.308
46	157.453
47	155.733
48	154.246
49	152.717
50	151.399
51	148.257
52	145.103
53	142.822
54	141.2
55	139.603
56	137.486
57	136.646
58	135.61
59	134.523
60	133.188
61	132.012
62	130.998
63	129.72
64	127.794
65	126.728
66	124.784
67	123.272
68	121.997
69	120.893
70	120.188
71	119.044
72	117.676
73	116.015
74	115.137
75	113.927
76	113.089
77	112.246
78	111.37
79	110.201
80	109.344
81	108.739
82	107.958
83	107.604
84	107.036
85	106.775
86	106.201
87	106.013
88	105.643
89	104.966
90	103.879
91	103.77
92	103.644
93	103.389
94	102.652
95	102.047
96	101.951
97	101.314
98	100.56
99	98.9092
100	97.841
101	97.5665
102	97.138
103	97.2764
104	97.4785
105	97.6314
106	96.1854
107	96.3239
108	96.9522
109	96.7301
110	96.9953
111	97.4686
112	97.0243
113	95.4666
114	93.7351
115	92.8412
116	91.8149
117	91.1991
118	90.9159
119	90.7348
120	90.1664
121	90.2727
122	90.3926
123	90.0439
124	89.6252
125	88.7219
126	88.1161
127	87.8511
128	87.4696
129	86.8196
130	85.9996
131	85.9201
132	86.1371
133	85.2218
134	84.6693
135	84.1238
136	84.1603
137	83.9566
138	83.4023
139	83.1695
140	83.5667
141	83.4459
142	83.0727
143	83.1389
144	82.9913
145	82.7356
146	82.7639
147	83.2012
148	82.9214
149	82.4999
150	82.3271
151	82.7109
152	82.1783
153	81.8749
154	81.2976
155	80.9973
156	80.9515
157	80.5787
158	80.5703
159	80.3542
160	79.647
161	79.2837
162	79.056
163	79.2651
164	79.4429
165	78.9423
166	78.6657
167	78.5904
168	79.3404
169	80.6404
170	79.8882
171	78.9167
172	78.3482
173	78.5021
174	78.3728
175	78.3222
176	78.1918
177	78.5185
178	78.3098
179	78.4655
180	78.091
181	78.1406
182	78.4249
183	78.352
184	78.3544
185	78.006
186	77.942
187	78.0469
188	77.7123
189	77.7595
190	77.7638
191	77.7312
192	77.6438
193	77.5809
194	77.8169
195	77.8865
196	77.6671
197	77.834
198	77.801
199	77.9392
200	77.8656
201	77.8438
202	77.635
203	77.7365
204	77.7579
205	77.78
206	77.4264
207	77.3485
208	77.3272
209	77.7703
210	77.1056
211	77.3765
212	77.0947
213	77.3297
214	77.2774
215	77.1034
216	77.0849
217	77.2146
218	77.4079
219	77.4042
220	77.5525
221	77.609
222	77.5947
223	77.4796
224	77.1887
225	77.46
226	77.086
227	76.942
228	76.8118
229	76.9226
230	76.8824
231	77.0135
232	77.0819
233	76.8394
234	77.1434
235	77.2922
236	77.0225
237	76.9097
238	76.5182
239	76.888
240	76.7437
241	76.7936
242	76.9048
243	76.9305
244	76.8345
245	77.0863
246	77.0986
247	76.9768
248	77.2684
249	76.8713
250	76.9764
251	77.1355
252	77.1334
253	76.9846
254	76.9703
255	76.6295
256	76.7635
257	76.9841
258	76.9786
259	77.0525
260	77.0106
261	76.9445
262	76.872
263	77.625
264	77.9407
265	77.614
266	76.8318
267	76.7845
268	76.5048
269	76.6328
270	76.8759
271	76.4682
272	76.4263
273	76.3824
274	76.5695
275	76.4548
276	76.4014
277	76.4617
278	76.6056
279	76.5905
280	76.5607
281	76.4138
282	76.4414
283	77.1102
284	77.8936
285	77.3255
286	76.9164
287	76.626
288	76.2933
289	76.6428
290	76.2412
291	76.1757
292	76.0837
293	76.0733
294	76.094
295	75.9833
296	75.9292
297	75.8264
298	75.8998
299	75.7228
300	76.0824
301	75.9829
302	76.1311
303	75.5858
304	75.7707
305	75.992
306	76.0001
307	76.0531
308	76.0144
309	76.2778
310	75.7573
311	75.7701
312	75.965
313	76.148
314	75.9383
315	75.775
316	75.6362
317	75.6538
318	75.7078
319	75.6876
320	75.5648
321	75.7171
322	75.7853
323	75.8438
324	75.9337
325	76.0662
326	75.5355
327	75.7036
328	75.7216
329	75.7603
330	75.9358
331	76.1073
332	75.7972
333	75.9364
334	75.6405
335	75.6769
336	75.4482
337	75.773
338	75.9099
339	76.1175
340	75.8533
341	75.9652
342	75.72
343	76.2049
344	75.8087
345	75.7428
346	75.9752
347	75.9115
348	76.0353
349	75.6418
350	75.9568
351	75.9879
352	75.9828
353	75.8799
354	75.68
355	75.4052
356	75.6628
357	75.7014
358	75.6022
359	75.4512
360	75.6112
361	75.2976
362	75.7476
363	75.7465
364	75.6369
365	75.4655
366	75.5211
367	75.4191
368	75.5781
369	75.6715
370	75.4618
371	75.4775
372	75.492
373	75.8814
374	75.5976
375	75.8862
376	75.5584
377	75.5921
378	75.6039
379	74.8764
380	74.6803
381	74.7094
382	74.6974
383	74.7066
384	74.5325
385	74.6541
386	74.7439
387	74.8441
388	76.1016
389	77.3247
390	76.9104
391	75.6805
392	75.019
393	74.8706
394	74.6157
395	74.5819
396	74.6377
397	74.68
398	74.6323
399	74.6864
400	74.6473
401	74.6391
402	74.7062
403	74.8378
404	74.4356
405	74.329
406	74.3757
407	74.4246
408	74.316
409	74.1685
410	74.0691
411	73.933
412	74.0378
413	73.8167
414	73.8197
415	73.5222
416	73.6337
417	73.6328
418	73.8537
419	73.9057
420	74.0554
421	73.7093
422	74.0481
423	73.6957
424	73.7099
425	73.7887
426	74.033
427	73.927
428	73.6239
429	73.5558
430	73.4565
431	73.5698
432	73.7657
433	73.9488
434	73.9527
435	74.0333
436	73.7568
437	74.0057
438	73.9764
439	73.9248
440	73.6295
441	73.434
442	73.3136
443	73.5088
444	73.5705
445	73.278
446	73.2129
447	73.5045
448	73.8453
449	73.8487
450	73.4529
451	73.2142
452	73.2038
453	73.3431
454	73.1903
455	73.1979
456	73.5081
457	73.2518
458	73.2281
459	72.8835
460	72.8702
461	72.7437
462	73.0206
463	73.0348
464	72.7669
465	72.5786
466	72.8139
467	72.452
468	72.6793
469	72.6239
470	72.7515
471	72.8101
472	72.608
473	72.8247
474	72.7612
475	72.7306
476	72.8431
477	72.7811
478	73.0336
479	72.9661
480	72.9112
481	72.5632
482	72.4164
483	72.541
484	72.427
485	72.4404
486	71.9958
487	72.3634
488	72.3041
489	72.1222
490	72.108
491	72.3181
492	72.2796
493	72.1888
494	72.1781
495	71.9157
496	72.087
497	72.2846
498	71.7955
499	71.791
500	72.0421
501	71.6274
502	71.5116
503	71.72
504	71.6318
505	71.6474
506	71.6821
507	71.445
508	71.5119
509	71.783
510	71.3879
511	71.508
512	71.2839
513	71.3483
514	71.4007
515	71.5044
516	71.5886
517	71.4978
518	71.7264
519	71.583
520	71.5367
521	71.5352
522	71.9767
523	71.8654
524	71.2171
525	71.7431
526	71.5602
527	71.6026
528	71.5062
529	71.5321
530	71.7135
531	71.745
532	71.7444
533	71.619
534	71.6555
535	71.497
536	71.4978
537	71.5315
538	71.626
539	71.5282
540	71.4773
541	71.4352
542	71.6717
543	71.4758
544	71.3328
545	71.69
546	71.7344
547	71.7981
548	71.6185
549	71.4112
550	71.5093
551	71.7475
552	72.0192
553	71.7388
554	71.51
555	71.5945
556	71.6563
557	71.4627
558	71.6954
559	71.5254
560	71.4539
561	71.5941
562	71.5398
563	71.5526
564	71.8394
565	71.5721
566	71.3274
567	71.3452
568	71.522
569	71.4897
570	71.5644
571	71.6902
572	71.6658
573	71.6523
574	71.731
575	71.5333
576	71.5726
577	71.7136
578	71.7478
579	71.4165
580	71.422
581	71.5611
582	71.6574
583	71.7747
584	71.6727
585	71.6545
586	71.6039
587	71.5365
588	71.8984
589	71.7453
590	71.6879
591	71.4302
592	71.5986
593	71.4072
594	71.4291
595	71.4093
596	71.7845
597	71.7415
598	71.662
599	71.4417
600	71.3697
601	71.4126
602	71.4356
603	71.6079
604	71.4554
605	71.6336
606	71.8114
607	71.7823
608	71.813
609	71.5244
610	71.442
611	71.6498
612	71.45
613	71.6321
614	71.3765
615	71.5776
616	71.2393
617	71.6036
618	71.6247
619	72.6283
620	74.0924
621	73.5224
622	72.7766
623	71.8957
624	71.4613
625	71.0559
626	71.297
627	71.4524
628	71.2701
629	71.2114
630	71.0173
631	71.5107
632	71.2895
633	71.321
634	71.6255
635	71.3797
636	71.3103
637	71.61
638	71.2378
639	71.5149
640	71.4653
641	71.3936
642	71.3555
643	71.2562
644	71.4762
645	71.24
646	71.5683
647	71.4487
648	71.2812
649	71.403
650	71.5721
651	71.5179
652	71.3268
653	71.1344
654	71.2666
655	71.3519
656	71.488
657	71.4435
658	71.4149
659	71.3701
660	71.285
661	71.0732
662	71.3059
663	71.4445
664	71.6454
665	71.1842
666	71.4588
667	71.7245
668	71.6399
669	71.3283
670	71.2466
671	71.1927
672	71.5382
673	71.4051
674	71.3942
675	71.4014
676	71.4099
677	71.5758
678	71.296
679	71.2588
680	71.3714
681	71.3296
682	71.1509
683	71.5088
684	71.342
685	71.2366
686	71.1685
687	71.0872
688	71.2961
689	71.1425
690	71.3518
691	71.2039
692	71.3916
693	71.3314
694	71.3059
695	71.3088
696	71.5271
697	71.2283
698	71.2583
699	71.1923
700	71.3376
701	71.1816
702	71.0829
703	71.3534
704	71.4728
705	71.0784
706	71.3353
707	71.1812
708	71.5001
709	71.4828
710	71.1731
711	71.1317
712	71.4155
713	71.0673
714	71.1157
715	71.1302
716	71.1527
717	71.4966
718	71.3396
719	71.3181
720	71.1415
721	71.2206
722	71.1513
723	71.3118
724	70.9868
725	71.112
726	71.2682
727	71.3009
728	71.0716
729	71.2629
730	71.3326
731	71.2081
732	71.2909
733	71.3072
734	71.3658
735	71.5609
736	71.1981
737	71.3979
738	71.2621
739	71.4988
740	71.2562
741	71.4324
742	71.2788
743	71.4924
744	71.2161
745	71.1425
746	71.1526
747	70.9903
748	71.2662
749	71.1547
750	71.5936
751	71.3003
752	71.3449
753	70.9988
754	71.322
755	71.3452
756	71.3229
757	71.4695
758	71.3441
759	71.4649
760	71.3538
761	71.3698
762	71.2504
763	71.4916
764	71.4535
765	71.2224
766	71.5907
767	71.3843
768	71.4008
769	71.5332
770	71.7713
771	71.279
772	71.2047
773	71.2343
774	71.3403
775	71.3363
776	71.2452
777	71.3775
778	71.3133
779	71.3993
780	71.3718
781	71.3062
782	71.197
783	71.2886
784	71.2876
785	71.2473
786	71.4353
787	71.2154
788	71.3993
789	71.0899
790	71.4217
791	71.5878
792	71.287
793	71.2257
794	71.1771
795	71.4673
796	71.6068
797	71.5134
798	71.3813
799	71.4283
800	71.1174
801	71.1944
802	71.0157
803	71.0456
804	71.1437
805	71.1065
806	71.2092
807	71.1383
808	71.2374
809	71.3113
810	71.0023
811	71.0146
812	71.0327
813	71.2902
814	71.4522
815	71.1807
816	71.0125
817	71.0055
818	71.4137
819	71.3405
820	71.2601
821	71.5082
822	71.2906
823	70.9758
824	71.5314
825	71.3554
826	71.3079
827	71.1902
828	71.3653
829	71.2231
830	71.3777
831	71.4897
832	71.1826
833	71.3668
834	71.2001
835	71.0385
836	71.0289
837	71.167
838	70.9901
839	71.4214
840	71.3434
841	71.3925
842	71.2862
843	71.3376
844	71.3243
845	71.4098
846	71.223
847	71.1268
848	71.3208
849	71.423
850	71.2615
851	71.4832
852	71.2726
853	71.1758
854	71.2139
855	71.3105
856	71.3728
857	71.2898
858	71.4025
859	71.3056
860	71.5333
861	71.7964
862	71.4215
863	71.2146
864	71.3394
865	71.161
866	71.4183
867	71.3062
868	71.2301
869	71.1154
870	71.1682
871	71.3178
872	71.3324
873	70.9466
874	71.1962
875	71.1507
876	71.0842
877	71.258
878	71.2691
879	71.0396
880	71.3893
881	70.9849
882	71.2015
883	71.3193
884	71.21
885	71.2796
886	71.4155
887	71.2643
888	71.6427
889	71.3773
890	71.2992
891	71.1435
892	71.344
893	71.2857
894	71.3069
895	71.1898
896	71.2597
897	71.1246
898	71.0478
899	71.389
900	71.1908
901	71.2251
902	71.4664
903	71.7678
904	71.648
905	71.2188
906	71.5904
907	71.1206
908	71.3342
909	71.0671
910	71.4777
911	71.3492
912	71.2731
913	71.1805
914	71.0074
915	71.2398
916	71.2357
917	71.3375
918	71.3162
919	70.9301
920	71.2341
921	70.9428
922	70.9867
923	71.191
924	71.2404
925	71.4471
926	71.3194
927	71.037
928	71.0413
929	71.3387
930	71.1644
931	71.2228
932	71.1823
933	71.3614
934	71.4298
935	71.103
936	71.0544
937	71.4366
938	71.0833
939	71.1246
940	71.0654
941	71.1077
942	71.3414
943	71.313
944	71.4974
945	70.9967
946	71.4646
947	71.2007
948	71.4531
949	71.2206
950	71.2087
951	71.1887
952	71.3743
953	71.6424
954	71.5947
955	71.1925
956	71.2841
957	71.3397
958	71.4821
959	71.372
960	71.2411
961	71.3522
962	71.0964
963	71.2388
964	71.1027
965	71.1225
966	71.2007
967	71.3967
968	71.2589
969	71.4007
970	71.5765
971	71.3707
972	71.4142
973	71.3296
974	71.6321
975	71.7025
976	71.4736
977	71.1939
978	71.0707
979	71.408
980	71.1355
981	71.3554
982	71.1874
983	71.216
984	71.2282
985	71.2674
986	71.1823
987	71.0219
988	71.1471
989	71.0426
990	71.2455
991	71.2561
992	71.0994
993	71.2737
994	70.9981
995	71.0999
996	71.1654
997	71.0501
998	71.4476
999	71.2034
1000	71.4298
1001	71.1081
1002	71.2571
1003	71.106
1004	71.5324
1005	71.3584
1006	71.1904
1007	71.3365
1008	71.0889
1009	71.4339
1010	71.6335
1011	71.5779
1012	71.2905
1013	71.1719
1014	71.1206
1015	71.5466
1016	71.3945
1017	71.1726
1018	70.769
1019	71.1861
1020	71.5682
1021	71.2047
1022	71.2411
1023	71.2882
1024	71.3821
1025	71.276
1026	71.6643
1027	71.4426
1028	71.5132
1029	71.201
1030	71.594
1031	71.3851
1032	71.2066
1033	71.2963
1034	71.3789
1035	71.238
1036	71.7163
1037	71.2793
1038	71.4582
1039	71.4573
1040	71.2646
1041	71.2589
1042	71.3986
1043	71.8577
1044	71.2688
1045	71.3356
1046	71.0169
1047	71.1783
1048	71.3602
1049	70.9987
1050	71.2296
1051	71.3049
1052	71.3082
1053	71.4955
1054	71.3172
1055	71.1284
1056	71.2917
1057	71.167
1058	70.9925
1059	71.1783
1060	71.6102
1061	71.2804
1062	71.3647
1063	71.4872
1064	71.398
1065	71.2235
1066	71.2307
1067	71.4433
1068	71.3805
1069	71.4126
1070	71.3459
1071	71.687
1072	71.0522
1073	71.3976
1074	71.4106
1075	71.1107
1076	71.3436
1077	71.2579
1078	71.3255
1079	71.4296
1080	71.0701
1081	71.1709
1082	71.4698
1083	71.2927
1084	71.278
1085	71.2382
1086	71.1809
1087	71.1462
1088	71.0846
1089	70.9002
1090	70.9497
1091	71.0223
1092	71.336
1093	71.6832
1094	71.7845
1095	71.3356
1096	71.1671
1097	71.2335
1098	71.2795
1099	71.2887
1100	71.1388
1101	71.2112
1102	71.2129
1103	71.177
1104	71.2025
1105	71.3292
1106	71.2875
1107	71.1349
1108	71.2294
1109	71.316
1110	71.3153
1111	71.0665
1112	71.156
1113	71.2008
1114	71.2977
1115	71.104
1116	71.208
1117	71.265
1118	71.2857
1119	71.0727
1120	71.2823
1121	71.2031
1122	71.1975
1123	71.4627
1124	71.3057
1125	71.2497
1126	71.4179
1127	71.4713
1128	71.2026
1129	70.9665
1130	71.1806
1131	71.2556
1132	71.2149
1133	70.9729
1134	70.9504
1135	70.9437
1136	70.4598
1137	70.9415
1138	70.6046
1139	70.5236
1140	70.8098
1141	70.8424
1142	70.8661
1143	70.7419
1144	70.5935
1145	70.7041
1146	70.7359
1147	70.8232
1148	70.3783
1149	70.3858
1150	70.5388
1151	70.6033
1152	70.5584
1153	70.7641
1154	70.6084
1155	70.7396
1156	70.5022
1157	70.6445
1158	70.611
1159	70.7383
1160	70.8371
1161	70.7316
1162	70.9967
1163	71.0949
1164	70.7994
1165	70.7723
1166	70.5441
1167	71.0413
1168	70.5347
1169	70.6396
1170	70.6791
1171	70.2614
1172	70.3608
1173	70.4739
1174	70.6834
1175	70.6844
1176	70.8978
1177	70.5459
1178	70.659
1179	70.8368
1180	70.6986
1181	70.5137
1182	70.5266
1183	70.8381
1184	70.8324
1185	70.4862
1186	70.6288
1187	70.7588
1188	70.6133
1189	70.8325
1190	70.8878
1191	70.6684
1192	70.761
1193	70.512
1194	70.6004
1195	70.7308
1196	70.9828
1197	70.916
1198	70.8265
1199	70.6021
1200	70.6146
1201	70.3455
1202	70.6748
1203	70.7936
1204	70.6367
1205	70.58
1206	70.4618
1207	70.3384
1208	70.6403
1209	70.8056
1210	70.5452
1211	70.7976
1212	70.8452
1213	70.5497
1214	70.5881
1215	70.6746
1216	70.6915
1217	70.6485
1218	70.4971
1219	70.5733
1220	70.6618
1221	70.6752
1222	70.373
1223	70.3432
1224	70.4097
1225	70.341
1226	70.6707
1227	70.4752
1228	70.5328
1229	71.5212
1230	73.6098
1231	73.0049
1232	71.8446
1233	70.9726
1234	70.6723
1235	70.4333
1236	70.4721
1237	70.3966
1238	70.5175
1239	70.7772
1240	70.5307
1241	70.321
1242	70.6205
1243	70.8036
1244	70.533
1245	70.4638
1246	70.9353
1247	70.6986
1248	70.6107
1249	70.4356
1250	70.4229
1251	70.4233
1252	70.713
1253	70.9691
1254	70.6196
1255	70.7046
1256	70.5238
1257	70.526
1258	70.5716
1259	70.3784
1260	70.4124
1261	70.6109
1262	70.5667
1263	70.8327
1264	70.5989
1265	70.9246
1266	70.6392
1267	70.6489
1268	70.7725
1269	70.3663
1270	70.7994
1271	70.6779
1272	70.6875
1273	70.7773
1274	70.6691
1275	70.4823
1276	70.4358
1277	70.5725
1278	70.4385
1279	70.7489
1280	70.5471
1281	70.7975
1282	70.6566
1283	70.832
1284	70.8859
1285	70.7102
1286	70.6084
1287	70.3936
1288	70.43
1289	70.5242
1290	70.5256
1291	70.7847
1292	70.657
1293	70.4628
1294	70.6613
1295	70.5901
1296	70.7835
1297	70.9211
1298	70.7446
1299	70.5878
1300	70.6399
1301	70.6049
1302	70.6848
1303	70.4786
1304	70.3952
1305	70.5661
1306	70.3918
1307	70.5768
1308	70.5685
1309	70.4343
1310	70.7453
1311	70.7209
1312	70.5818
1313	70.7063
1314	70.781
1315	70.7888
1316	70.6807
1317	70.7674
1318	70.7302
1319	70.3671
1320	70.5146
1321	70.5034
1322	70.7633
1323	70.907
1324	70.84
1325	70.9434
1326	70.7176
1327	70.6952
1328	70.9386
1329	70.6882
1330	70.8617
1331	70.403
1332	70.5046
1333	70.5601
1334	70.7374
1335	70.8581
1336	70.741
1337	70.6032
1338	70.5074
1339	70.4672
1340	70.4779
1341	70.5041
1342	70.5261
1343	70.4321
1344	70.4342
1345	70.5513
1346	70.751
1347	70.7061
1348	70.7818
1349	70.5097
1350	70.5264
1351	70.6208
1352	70.8209
1353	70.3943
1354	70.4572
1355	70.7692
1356	70.6467
1357	70.6215
1358	70.5374
1359	70.2934
1360	70.4614
1361	70.52
1362	70.4985
1363	70.296
1364	70.5608
1365	70.7014
1366	70.5261
1367	70.6228
1368	70.5054
1369	70.7738
1370	70.5558
1371	70.7815
1372	70.7582
1373	70.4911
1374	70.8317
1375	70.5705
1376	70.438
1377	70.413
1378	70.4214
1379	70.6732
1380	70.8967
1381	70.634
1382	70.5444
1383	70.7324
1384	70.518
1385	70.5823
1386	70.7228
1387	70.4796
1388	70.5878
1389	70.8713
1390	70.5994
1391	70.7882
1392	70.6523
1393	70.797
1394	70.5197
1395	70.6793
1396	70.6094
1397	70.5749
1398	70.6865
1399	70.6244
1400	70.984
1401	70.6353
1402	70.7221
1403	70.9074
1404	70.4843
1405	70.6191
1406	70.5621
1407	70.4707
1408	70.5555
1409	70.5934
1410	70.6878
1411	70.5718
1412	70.4487
1413	70.2876
1414	70.5654
1415	70.5628
1416	70.756
1417	70.6638
1418	70.6222
1419	70.4699
1420	70.256
1421	70.4597
1422	70.5782
1423	70.5506
1424	70.5876
1425	70.7336
1426	70.626
1427	70.5606
1428	70.4642
1429	70.4379
1430	70.8178
1431	70.7477
1432	70.5295
1433	70.7466
1434	70.4589
1435	70.6253
1436	70.4903
1437	70.6713
1438	70.6849
1439	70.554
1440	70.8653
1441	71.0422
1442	70.9489
1443	70.6205
1444	70.5226
1445	70.4605
1446	70.7089
1447	70.5008
1448	70.5048
1449	70.5031
1450	70.6031
1451	70.5768
1452	70.6541
1453	70.7432
1454	70.7662
1455	70.7378
1456	70.6648
1457	70.4928
1458	70.3085
1459	70.4609
1460	70.5785
1461	70.6687
1462	70.6682
1463	70.9166
1464	70.9964
1465	70.389
1466	70.5434
1467	70.6883
1468	70.7643
1469	70.6081
1470	70.6583
1471	70.4181
1472	70.6898
1473	70.9209
1474	70.5348
1475	70.6723
1476	70.6985
1477	70.4076
1478	70.1994
1479	70.4049
1480	70.3946
1481	70.5363
1482	70.7477
1483	70.626
1484	70.6013
1485	70.5506
1486	70.4769
1487	70.6655
1488	70.7949
1489	70.8221
1490	70.4337
1491	70.5036
1492	70.8192
1493	70.4738
1494	70.5068
1495	70.7334
1496	70.7714
1497	70.9037
1498	70.7828
1499	71.0179
1500	70.7668
1501	70.502
1502	70.6863
1503	70.5184
1504	70.4218
1505	70.3828
1506	70.6302
1507	70.2537
1508	70.5748
1509	70.7007
1510	70.7265
1511	70.5456
1512	70.4845
1513	70.5894
1514	70.8017
1515	70.525
1516	70.5143
1517	70.6344
1518	70.4357
1519	70.6169
1520	70.3344
1521	70.5837
1522	70.6623
1523	70.7175
1524	70.4144
1525	70.5078
1526	70.3953
1527	70.4546
1528	70.5114
1529	70.2175
1530	70.4115
1531	70.5188
1532	70.5982
1533	70.5288
1534	70.6458
1535	70.4497
1536	70.8128
1537	70.6024
1538	70.8027
1539	70.6851
1540	70.8016
1541	70.7183
1542	70.533
1543	70.8183
1544	70.6193
1545	70.8985
1546	70.9029
1547	70.7213
1548	70.4613
1549	70.6281
1550	70.4089
1551	70.7486
1552	70.5135
1553	70.7296
1554	70.7042
1555	70.6415
1556	70.5325
1557	70.6133
1558	70.3462
1559	70.3584
1560	70.5026
1561	70.4684
1562	70.6915
1563	70.4704
1564	70.5739
1565	70.5258
1566	70.5902
1567	70.8636
1568	70.8258
1569	70.6163
1570	70.7151
1571	70.7359
1572	70.7609
1573	70.4224
1574	70.7411
1575	70.5092
1576	70.5678
1577	70.4533
1578	70.513
1579	70.5551
1580	70.6126
1581	70.8893
1582	70.5474
1583	70.4968
1584	70.6353
1585	70.6801
1586	70.7975
1587	70.7971
1588	70.6024
1589	70.7117
1590	70.7731
1591	70.4101
1592	70.5936
1593	70.5604
1594	70.7141
1595	70.8446
1596	70.5928
1597	70.3821
1598	70.6647
1599	70.664
1600	70.7233
1601	70.5959
1602	70.646
1603	70.4132
1604	70.2733
1605	70.2779
1606	70.2496
1607	70.3522
1608	70.2641
1609	70.5002
1610	70.7049
1611	70.7404
1612	70.3631
1613	70.65
1614	70.5902
1615	70.7701
1616	70.4628
1617	70.6436
1618	70.265
1619	70.219
1620	70.2001
1621	70.3545
1622	70.3707
1623	70.558
1624	70.5059
1625	70.6099
1626	70.7102
1627	70.6551
1628	70.5903
1629	70.723
1630	70.7591
1631	70.6258
1632	71.0981
1633	70.8437
1634	70.4837
1635	70.3583
1636	70.418
1637	70.6448
1638	70.6789
1639	70.8307
1640	70.737
1641	70.736
1642	70.515
1643	71.0364
1644	70.9892
1645	70.4541
1646	70.7797
1647	70.6809
1648	70.4963
1649	70.7275
1650	70.6135
1651	70.6029
1652	70.5647
1653	70.6728
1654	70.5394
1655	70.7909
1656	70.6154
1657	70.4304
1658	70.3022
1659	70.6412
1660	70.543
1661	70.5116
1662	70.7114
1663	70.8747
1664	71.033
1665	70.7855
1666	70.5841
1667	70.3499
1668	70.5372
1669	70.5087
1670	70.5052
1671	70.8613
1672	70.7262
1673	70.6259
1674	70.579
1675	70.6712
1676	70.5866
1677	70.8979
1678	70.7577
1679	70.678
1680	70.3188
1681	70.304
1682	70.4651
1683	70.6918
1684	70.6374
1685	70.6489
1686	70.4612
1687	70.5138
1688	70.5465
1689	70.643
1690	70.6504
1691	70.6957
1692	70.4229
1693	70.3415
1694	70.6673
1695	70.6751
1696	70.6219
1697	70.5331
1698	70.5816
1699	70.4657
1700	70.4604
1701	70.6287
1702	70.3858
1703	70.6534
1704	70.6143
1705	70.6046
1706	70.6481
1707	70.5967
1708	70.7891
1709	70.454
1710	70.5487
1711	70.4357
1712	70.3208
1713	70.6131
1714	70.332
1715	70.4812
1716	70.5063
1717	70.5744
1718	70.8622
1719	70.9111
1720	70.7517
1721	70.6796
1722	70.4875
1723	70.4551
1724	70.6876
1725	70.6868
1726	70.4432
1727	70.6609
1728	70.6265
1729	70.4944
1730	70.6665
1731	70.6413
1732	70.4354
1733	70.3921
1734	70.591
1735	70.6547
1736	70.5191
1737	70.7796
1738	70.6638
1739	70.3264
1740	70.7798
1741	70.4489
1742	70.5503
1743	70.5106
1744	70.7938
1745	70.7032
1746	70.6145
1747	70.4404
1748	70.5569
1749	70.5506
1750	70.7244
1751	70.844
1752	70.5348
1753	70.6621
1754	70.9291
1755	70.8912
1756	70.6754
1757	70.6725
1758	70.4547
1759	70.6842
1760	70.4392
1761	70.6742
1762	70.5515
1763	70.5285
1764	70.5475
1765	70.7347
1766	70.4514
1767	70.6692
1768	70.3863
1769	70.6494
1770	70.6681
1771	70.7124
1772	70.6895
1773	70.4733
1774	70.5802
1775	70.5408
1776	71.0203
1777	70.3698
1778	70.7139
1779	70.5099
1780	70.5852
1781	70.7465
1782	70.5745
1783	70.6664
1784	70.7909
1785	70.5486
1786	70.7833
1787	70.5451
1788	70.7287
1789	70.6915
1790	70.3675
1791	70.5487
1792	70.5204
1793	70.5333
1794	70.6255
1795	70.5928
1796	70.4273
1797	70.9013
1798	70.7898
1799	70.6062
1800	70.583
1801	70.7011
1802	70.6236
1803	70.6868
1804	70.5043
1805	70.4279
1806	70.539
1807	70.6717
1808	70.628
1809	70.4177
1810	70.4443
1811	70.6144
1812	70.6715
1813	70.4955
1814	70.6887
1815	70.6219
1816	70.5314
1817	70.5342
1818	70.3782
1819	70.3647
1820	70.7485
1821	70.7067
1822	70.8627
1823	70.5729
1824	70.6709
1825	70.6572
1826	70.5596
1827	70.8231
1828	70.9727
1829	70.7771
1830	70.6159
1831	70.5973
1832	70.527
1833	70.571
1834	70.6393
1835	70.44
1836	70.714
1837	70.5637
1838	70.4436
1839	70.8656
1840	70.7058
1841	70.8042
1842	70.6459
1843	70.6776
1844	70.4495
1845	70.6309
1846	70.7788
1847	70.6538
1848	70.587
1849	70.6068
1850	70.5318
1851	70.5559
1852	70.63
1853	70.3846
1854	70.7071
1855	70.6574
1856	70.7944
1857	70.7167
1858	70.4877
1859	70.7819
1860	70.6965
1861	70.8008
1862	70.8103
1863	70.9343
1864	70.7716
1865	70.65
1866	70.6061
1867	70.5642
1868	70.5743
1869	70.4615
1870	70.706
1871	70.6376
1872	70.5733
1873	70.5712
1874	70.5185
1875	70.5846
1876	70.65
1877	70.5516
1878	70.6083
1879	70.3856
1880	70.5527
1881	70.5427
1882	70.6578
1883	70.6447
1884	70.4582
1885	70.6478
1886	70.6228
1887	70.417
1888	70.3423
1889	70.8134
1890	70.634
1891	70.6419
1892	70.6447
1893	70.6224
1894	70.599
1895	70.9532
1896	70.5706
1897	70.8109
1898	70.9181
1899	70.9627
1900	70.7385
1901	70.7501
1902	70.2754
1903	70.2222
1904	70.1687
1905	70.6088
1906	70.6337
1907	70.7937
1908	70.7244
1909	70.593
1910	70.6368
1911	70.8293
1912	71.0075
1913	70.8767
1914	70.5288
1915	70.8425
1916	70.6853
1917	70.8651
1918	70.6354
1919	70.7759
1920	70.7144
1921	70.6847
1922	70.409
1923	70.3045
1924	70.4853
1925	70.7544
1926	70.5664
1927	70.6354
1928	70.628
1929	70.6419
1930	70.482
1931	70.7699
1932	70.5466
1933	70.665
1934	70.8126
1935	70.851
1936	70.5788
1937	70.8326
1938	70.5377
1939	70.9066
1940	70.8649
1941	70.7884
1942	70.6519
1943	70.5793
1944	70.7009
1945	70.7003
1946	70.824
1947	70.6772
1948	70.6842
1949	70.4437
1950	70.9092
1951	70.5468
1952	70.6865
1953	70.638
1954	70.8114
1955	70.777
1956	70.7641
1957	70.5586
1958	70.7463
1959	70.6252
1960	70.7959
1961	70.7098
1962	70.3923
1963	70.5146
1964	70.6249
1965	70.7145
1966	70.5637
1967	70.5035
1968	70.5131
1969	70.3007
1970	70.3753
1971	70.262
1972	70.5027
1973	70.4369
1974	70.3661
1975	70.5381
1976	70.8253
1977	70.9699
1978	70.7535
1979	70.8992
1980	70.716
1981	70.6534
1982	70.8626
1983	70.6665
1984	70.6078
1985	70.5946
1986	70.8632
1987	70.379
1988	70.5436
1989	70.6454
1990	70.6291
1991	71.0509
1992	70.8499
1993	70.5245
1994	70.329
1995	70.3866
1996	70.6212
1997	70.6248
1998	70.5468
1999	70.472
2000	70.375
2001	70.594
2002	70.5369
2003	70.5933
2004	70.4833
2005	70.6662
2006	70.6502
2007	70.5738
2008	70.5159
2009	70.8225
2010	70.7847
2011	70.9121
2012	70.6292
2013	70.6222
2014	70.5942
2015	70.7494
2016	70.8284
2017	70.6239
2018	70.6577
2019	70.5612
2020	70.8851
2021	70.772
2022	70.7574
2023	70.8497
2024	70.4843
2025	70.4849
2026	70.366
2027	70.2898
2028	70.6945
2029	70.7189
2030	70.4653
2031	70.4916
2032	70.586
2033	70.5834
2034	70.6059
2035	70.3706
2036	70.5586
2037	70.5424
2038	70.3914
2039	70.4776
2040	70.3639
2041	70.3517
2042	70.3112
2043	70.3958
2044	70.3907
2045	70.4175
2046	70.4848
2047	70.5446
2048	70.6367
2049	70.4811
2050	70.4213
2051	70.5834
2052	70.1918
2053	70.2956
2054	70.5107
2055	70.6099
2056	70.586
2057	70.3543
2058	70.2632
2059	70.2973
2060	70.5268
2061	70.4245
2062	70.6123
2063	70.5445
2064	70.621
2065	70.3234
2066	70.4753
2067	70.8072
2068	70.3258
2069	70.249
2070	70.3145
2071	70.2354
2072	70.6531
2073	70.5309
2074	70.6299
2075	70.6402
2076	70.7712
2077	70.5713
2078	70.5882
2079	70.349
2080	70.2797
2081	70.3948
2082	70.4589
2083	70.6427
2084	70.5742
2085	70.6965
2086	70.5473
2087	70.5617
2088	70.2756
2089	70.2583
2090	70.6405
2091	70.6978
2092	70.3559
2093	70.3079
2094	70.4159
2095	70.2015
2096	70.5191
2097	70.6354
2098	70.4639
2099	70.2888
2100	70.4298
2101	70.564
2102	70.5587
2103	70.5803
2104	70.4363
2105	70.3081
2106	70.3076
2107	70.2588
2108	70.569
2109	70.3357
2110	70.4306
2111	70.3973
2112	70.4713
2113	70.547
2114	70.6894
2115	70.3521
2116	70.3815
2117	70.3454
2118	70.4561
2119	70.3397
2120	70.4568
2121	70.5007
2122	70.2384
2123	70.2614
2124	70.1824
2125	70.3649
2126	70.2259
2127	70.2081
2128	70.311
2129	70.6791
2130	70.6697
2131	70.7192
2132	70.6255
2133	70.5973
2134	70.4638
2135	70.3057
2136	70.1759
2137	70.2392
2138	70.3544
2139	70.1772
2140	70.3079
2141	70.5564
2142	70.4448
2143	70.4434
2144	70.4402
2145	70.5127
2146	70.4949
2147	70.6207
2148	70.6199
2149	70.5859
2150	70.2338
2151	70.2982
2152	70.2403
2153	70.1656
2154	70.3865
2155	70.2572
2156	70.3788
2157	70.3974
2158	70.6308
2159	70.5971
2160	70.5013
2161	70.5862
2162	70.3815
2163	70.3889
2164	70.5185
2165	70.6101
2166	70.2162
2167	70.2725
2168	70.301
2169	70.1676
2170	70.2617
2171	70.3625
2172	70.5027
2173	70.5146
2174	70.4468
2175	70.6399
2176	70.2733
2177	70.5106
2178	70.426
2179	70.3131
2180	70.0772
2181	70.2591
2182	70.2878
2183	70.4178
2184	70.5171
2185	70.2568
2186	70.2578
2187	70.2937
2188	70.4311
2189	70.4912
2190	70.4481
2191	70.6438
2192	70.5907
2193	70.3959
2194	70.5477
2195	70.368
2196	70.4127
2197	70.1806
2198	70.1853
2199	70.3667
2200	70.3215
2201	70.6742
2202	70.469
2203	70.4092
2204	70.3793
2205	70.5236
2206	70.5086
2207	70.2954
2208	70.5522
2209	70.3137
2210	70.4378
2211	70.3121
2212	70.5207
2213	70.2332
2214	70.5417
2215	70.288
2216	70.2678
2217	70.2249
2218	70.4197
2219	70.1922
2220	70.5719
2221	70.3452
2222	70.3069
2223	70.6251
2224	70.7523
2225	70.4708
2226	70.8344
2227	70.6614
2228	70.2607
2229	70.2448
2230	70.279
2231	70.189
2232	70.3152
2233	70.3946
2234	70.252
2235	70.4698
2236	70.5426
2237	70.5231
2238	70.597
2239	70.4053
2240	70.4078
2241	70.3351
2242	70.1846
2243	70.3641
2244	70.3892
2245	70.3126
2246	70.3403
2247	70.1538
2248	70.567
2249	70.449
2250	70.5419
2251	70.7408
2252	70.5054
2253	70.566
2254	70.428
2255	70.534
2256	70.3455
2257	70.3952
2258	70.3517
2259	70.356
2260	70.2722
2261	70.4375
2262	70.8387
2263	70.4416
2264	70.4726
2265	70.3657
2266	70.2925
2267	70.1785
2268	70.4351
2269	70.347
2270	70.5883
2271	70.441
2272	70.3312
2273	70.1088
2274	70.4056
2275	70.5071
2276	70.1249
2277	70.328
2278	70.5134
2279	70.5165
2280	70.4185
2281	70.3323
2282	70.5451
2283	70.4454
2284	70.4972
2285	70.3744
2286	70.4804
2287	70.5731
2288	70.4322
2289	70.3725
2290	70.3629
2291	70.4718
2292	70.6109
2293	70.3443
2294	70.5229
2295	70.3727
2296	70.3994
2297	70.4133
2298	70.3917
2299	70.6109
2300	70.5596
2301	70.7639
2302	70.5208
2303	70.5796
2304	70.2379
2305	70.2818
2306	70.4859
2307	70.6749
2308	70.567
2309	70.6208
2310	70.1547
2311	70.3963
2312	70.5396
2313	70.5321
2314	70.5067
2315	70.5638
2316	70.4739
2317	70.4921
2318	70.3626
2319	70.1425
2320	70.3114
2321	70.5463
2322	70.5069
2323	70.1555
2324	70.0828
2325	70.3543
2326	70.7592
2327	70.7032
2328	70.3546
2329	70.5655
2330	70.5422
2331	70.4672
2332	70.2359
2333	70.1675
2334	70.4935
2335	70.5305
2336	70.2859
2337	70.2098
2338	70.2866
2339	70.4129
2340	70.3644
2341	70.2718
2342	70.172
2343	70.2523
2344	70.425
2345	70.573
2346	70.241
2347	70.4109
2348	70.3883
2349	70.5484
2350	70.6269
2351	70.5816
2352	70.5176
2353	70.6509
2354	70.5301
2355	70.4929
2356	70.2948
2357	70.298
2358	70.2695
2359	70.584
2360	70.4572
2361	70.387
2362	70.6678
2363	70.5809
2364	70.6471
2365	70.5703
2366	70.2251
2367	70.3098
2368	70.2028
2369	70.2084
2370	70.4786
2371	70.4738
2372	70.4845
2373	70.4971
2374	70.2393
2375	70.5122
2376	70.2836
2377	70.2233
2378	70.3045
2379	70.4419
2380	70.4129
2381	70.2749
2382	70.3262
2383	70.3037
2384	70.4941
2385	70.238
2386	70.2275
2387	70.4543
2388	70.5237
2389	70.208
2390	70.4036
2391	70.4785
2392	70.3077
2393	70.3003
2394	70.4735
2395	70.3554
2396	70.1905
2397	70.401
2398	70.4567
2399	70.1659
2400	70.3007
2401	70.2978
2402	70.3247
2403	70.3268
2404	70.395
2405	70.2889
2406	70.2478
2407	70.6834
2408	70.5617
2409	70.3673
2410	70.5473
2411	70.7207
2412	70.566
2413	70.5469
2414	70.4365
2415	70.6041
2416	70.6259
2417	70.4075
2418	70.6521
2419	70.7764
2420	70.5113
2421	70.3463
2422	70.3015
2423	70.3349
2424	70.5833
2425	70.5319
2426	70.6577
2427	70.3916
2428	70.4201
2429	70.6087
2430	70.3251
2431	70.265
2432	70.4443
2433	70.2525
2434	70.3568
2435	70.4675
2436	70.4812
2437	70.3599
2438	70.3317
2439	70.5368
2440	70.4701
2441	70.5179
2442	70.7692
2443	70.7385
2444	70.7203
2445	70.4021
2446	70.3645
2447	70.2435
2448	70.4275
2449	70.4069
2450	70.3278
2451	70.3882
2452	70.2421
2453	70.3457
2454	70.1854
2455	70.4085
2456	70.5277
2457	70.3468
2458	70.1061
2459	70.2685
2460	70.4224
2461	70.5231
2462	70.6875
2463	70.2019
2464	70.4675
2465	70.5561
2466	70.3595
2467	70.4251
2468	70.5232
2469	70.2504
2470	70.1229
2471	70.3322
2472	70.2563
2473	70.5398
2474	70.2576
2475	70.505
2476	70.4681
2477	70.508
2478	70.4428
2479	70.1
2480	70.2957
2481	70.2911
2482	70.1211
2483	70.2559
2484	70.4616
2485	70.5232
2486	70.6496
2487	70.2749
2488	70.5581
2489	70.4926
2490	70.4932
2491	70.5688
2492	70.3236
2493	70.5648
2494	70.6065
2495	70.4933
2496	70.4677
2497	70.5429
2498	70.8693
2499	70.7376
2500	70.5158
