Gen:	L_2
1	411.215
2	393.391
3	378.513
4	366.294
5	352.368
6	339.421
7	326.071
8	314.777
9	303.811
10	291.824
11	284.662
12	269.769
13	263.731
14	256.249
15	250.308
16	244.983
17	239.143
18	236.669
19	232.947
20	228.363
21	225.445
22	221.867
23	219.213
24	214.344
25	211.546
26	209.409
27	203.994
28	202.949
29	198.215
30	193.684
31	190.646
32	188.331
33	184.943
34	179.342
35	177.026
36	174.369
37	172.409
38	170.923
39	167.015
40	164.043
41	162.66
42	160.367
43	157.995
44	155.043
45	153.699
46	152.187
47	151.309
48	149.295
49	147.161
50	143.336
51	141.1
52	140.016
53	138.248
54	135.565
55	134.668
56	134.061
57	132.712
58	132.009
59	129.8
60	128.86
61	126.994
62	125.837
63	124.888
64	124.196
65	121.89
66	121.353
67	119.237
68	119.111
69	117.504
70	116.641
71	114.62
72	113.888
73	112.629
74	112.022
75	111.292
76	110.317
77	109.214
78	108.153
79	108.153
80	107.31
81	106.612
82	106.116
83	105.729
84	105.222
85	104.84
86	104.437
87	102.966
88	102.144
89	102.144
90	101.521
91	101.521
92	99.8344
93	99.7013
94	99.3092
95	98.6853
96	98.0009
97	97.1458
98	96.6876
99	96.6244
100	96.6244
101	96.0873
102	95.1586
103	94.9762
104	94.2519
105	94.2519
106	94.004
107	93.5332
108	93.4375
109	93.1758
110	92.7747
111	92.4196
112	92.1345
113	91.2439
114	90.7094
115	90.7094
116	90.3762
117	89.9907
118	89.402
119	89.2578
120	88.7815
121	88.5909
122	87.8685
123	87.723
124	87.1202
125	86.9418
126	86.502
127	85.4695
128	85.2089
129	84.7812
130	83.8408
131	83.3591
132	83.3591
133	83.3591
134	83.3591
135	82.7839
136	82.6112
137	82.6112
138	82.6112
139	82.5929
140	82.5929
141	82.3605
142	82.2646
143	82.014
144	82.014
145	81.9011
146	81.7637
147	81.6508
148	81.6508
149	81.6508
150	80.2573
151	80.1274
152	80.1274
153	80.1063
154	79.9764
155	79.9764
156	79.9764
157	79.3103
158	78.4744
159	78.4744
160	78.4744
161	78.4744
162	78.1004
163	78.0219
164	78.0219
165	77.9673
166	77.9673
167	77.533
168	77.533
169	77.533
170	77.4862
171	77.4862
172	77.4862
173	77.4862
174	77.4862
175	77.4862
176	77.4862
177	77.2615
178	77.2615
179	77.2615
180	77.2615
181	77.2253
182	77.2253
183	77.184
184	77.184
185	77.184
186	77.184
187	77.184
188	77.184
189	77.1223
190	77.1223
191	77.1223
192	77.1223
193	77.1223
194	77.1223
195	77.1223
196	77.1223
197	77.1223
198	77.1223
199	77.0767
200	77.0767
201	77.0767
202	77.0767
203	76.8389
204	76.6109
205	76.6109
206	76.6109
207	76.6109
208	76.6109
209	76.6109
210	76.6109
211	76.6109
212	76.6109
213	76.6109
214	76.6109
215	76.6109
216	76.6109
217	76.6109
218	76.6109
219	76.6109
220	76.6109
221	76.6109
222	76.6109
223	76.6109
224	76.219
225	76.219
226	76.219
227	76.219
228	76.219
229	76.219
230	76.219
231	76.219
232	76.219
233	76.219
234	76.219
235	76.219
236	76.219
237	76.219
238	76.219
239	76.219
240	76.219
241	76.219
242	76.219
243	76.219
244	76.219
245	76.219
246	76.219
247	76.219
248	76.219
249	76.219
250	76.219
251	76.219
252	76.219
253	76.219
254	76.219
255	76.219
256	76.219
257	76.219
258	76.219
259	76.219
260	76.219
261	76.219
262	75.8237
263	75.8237
264	75.8237
265	75.8237
266	75.8237
267	75.8237
268	75.8237
269	75.8237
270	75.8237
271	75.8237
272	75.8237
273	75.8237
274	75.8237
275	75.8237
276	75.8237
277	75.8237
278	75.8237
279	75.8237
280	75.8237
281	75.8237
282	75.7615
283	75.7615
284	75.7615
285	75.7615
286	75.6268
287	75.6268
288	75.6268
289	75.6268
290	75.6268
291	75.6268
292	75.4472
293	75.4472
294	75.128
295	75.128
296	75.128
297	75.128
298	75.128
299	75.128
300	75.128
301	75.128
302	75.128
303	75.128
304	75.128
305	75.128
306	75.128
307	75.128
308	75.128
309	75.128
310	75.128
311	75.128
312	75.128
313	75.128
314	75.128
315	75.128
316	75.128
317	75.128
318	75.128
319	75.128
320	75.128
321	75.128
322	75.128
323	75.128
324	75.128
325	75.128
326	75.128
327	75.128
328	75.128
329	75.128
330	75.128
331	75.128
332	75.128
333	75.128
334	75.128
335	75.128
336	75.128
337	75.128
338	75.128
339	75.128
340	75.128
341	75.128
342	75.128
343	75.128
344	75.128
345	75.128
346	75.128
347	75.128
348	75.128
349	75.128
350	75.128
351	75.128
352	75.128
353	74.9093
354	74.9093
355	74.9093
356	74.9093
357	74.9093
358	74.9093
359	74.9093
360	74.9093
361	74.9093
362	74.9093
363	74.9093
364	74.9093
365	74.9093
366	74.9093
367	74.9093
368	74.9093
369	74.9093
370	74.9093
371	74.9093
372	74.9093
373	74.9093
374	74.9093
375	74.9093
376	74.4264
377	73.9727
378	73.9727
379	73.9727
380	73.9727
381	73.9727
382	73.9727
383	73.9727
384	73.9727
385	73.9727
386	73.9727
387	73.9727
388	73.9727
389	73.9727
390	73.9727
391	73.9727
392	73.9727
393	73.9727
394	73.9727
395	73.9727
396	73.9727
397	73.9727
398	73.9727
399	73.9727
400	73.9727
401	73.9727
402	73.9546
403	73.9546
404	73.9546
405	73.9309
406	73.3059
407	73.3059
408	73.3059
409	73.3059
410	73.3059
411	73.3059
412	73.1375
413	73.1375
414	73.1375
415	73.1375
416	73.1375
417	73.1375
418	73.1375
419	73.1375
420	73.1375
421	73.1375
422	73.1375
423	73.1375
424	73.1375
425	73.0905
426	73.0905
427	73.0905
428	73.0905
429	73.0905
430	73.0905
431	73.0905
432	73.0905
433	73.0905
434	73.0905
435	73.0905
436	73.0905
437	73.0905
438	73.0905
439	72.6758
440	72.6758
441	72.6758
442	72.6758
443	72.6758
444	72.6758
445	72.6758
446	72.6758
447	72.6758
448	72.6758
449	72.6758
450	72.6758
451	72.6758
452	72.5223
453	72.5141
454	72.5141
455	72.4781
456	72.4781
457	72.0264
458	72.0264
459	72.0264
460	72.0264
461	72.0264
462	72.0264
463	72.0264
464	72.0264
465	72.0264
466	72.0264
467	72.0264
468	72.0264
469	72.0264
470	72.0264
471	72.0264
472	72.0264
473	72.0264
474	72.0264
475	72.0264
476	72.0264
477	72.0264
478	72.0264
479	72.0264
480	71.9654
481	71.5658
482	71.5658
483	71.5658
484	71.5658
485	71.5658
486	71.5658
487	71.5658
488	71.5658
489	71.5658
490	71.5658
491	71.5658
492	71.4514
493	71.4514
494	71.4514
495	71.4514
496	71.0189
497	71.0189
498	71.0189
499	71.0189
500	71.0189
501	71.0189
502	71.0189
503	70.9352
504	70.9352
505	70.9352
506	70.8894
507	70.8894
508	70.8894
509	70.8894
510	70.8894
511	70.8894
512	70.8894
513	70.8894
514	70.8894
515	70.8894
516	70.8894
517	70.8894
518	70.8894
519	70.8894
520	70.8894
521	70.8894
522	70.8894
523	70.8894
524	70.8894
525	70.8894
526	70.8894
527	70.8894
528	70.8894
529	70.8894
530	70.8894
531	70.8894
532	70.8894
533	70.8894
534	70.8894
535	70.8894
536	70.8894
537	70.8894
538	70.8894
539	70.8894
540	70.8894
541	70.8894
542	70.8894
543	70.8894
544	70.8894
545	70.8894
546	70.8894
547	70.8894
548	70.8894
549	70.8894
550	70.8894
551	70.8894
552	70.8894
553	70.8894
554	70.8894
555	70.8894
556	70.8894
557	70.8894
558	70.8894
559	70.8894
560	70.8894
561	70.8894
562	70.8894
563	70.8894
564	70.8894
565	70.8894
566	70.8894
567	70.8894
568	70.8894
569	70.8894
570	70.8894
571	70.8894
572	70.8894
573	70.8894
574	70.8894
575	70.8894
576	70.8894
577	70.8894
578	70.8894
579	70.8894
580	70.8894
581	70.8894
582	70.8894
583	70.8894
584	70.8894
585	70.8894
586	70.8894
587	70.8894
588	70.8894
589	70.8894
590	70.8894
591	70.8894
592	70.8894
593	70.8894
594	70.8894
595	70.8894
596	70.8894
597	70.8894
598	70.8894
599	70.8894
600	70.8894
601	70.8894
602	70.8894
603	70.8894
604	70.8894
605	70.817
606	70.817
607	70.817
608	70.817
609	70.817
610	70.817
611	70.817
612	70.817
613	70.817
614	70.817
615	70.817
616	70.817
617	70.817
618	70.817
619	70.817
620	70.817
621	70.817
622	70.6151
623	70.6151
624	70.6151
625	70.6151
626	70.6151
627	70.6151
628	70.6151
629	70.6151
630	70.6151
631	70.6151
632	70.6151
633	70.6151
634	70.6151
635	70.6151
636	70.6151
637	70.6151
638	70.6151
639	70.6151
640	70.6151
641	70.6151
642	70.6151
643	70.6151
644	70.6151
645	70.6151
646	70.6151
647	70.6151
648	70.6151
649	70.6151
650	70.6151
651	70.6151
652	70.6151
653	70.6151
654	70.6151
655	70.6151
656	70.6151
657	70.6151
658	70.6151
659	70.6151
660	70.6151
661	70.6151
662	70.6151
663	70.6151
664	70.6151
665	70.6151
666	70.6151
667	70.6151
668	70.6151
669	70.6151
670	70.6151
671	70.6151
672	70.6151
673	70.6151
674	70.6151
675	70.6151
676	70.6151
677	70.6151
678	70.6151
679	70.6151
680	70.6151
681	70.6151
682	70.6151
683	70.6151
684	70.6151
685	70.6151
686	70.6151
687	70.6151
688	70.6151
689	70.6151
690	70.6151
691	70.6151
692	70.6151
693	70.6151
694	70.6151
695	70.6151
696	70.6151
697	70.6151
698	70.6151
699	70.6151
700	70.6151
701	70.6151
702	70.6151
703	70.6151
704	70.6151
705	70.6151
706	70.6151
707	70.6151
708	70.6151
709	70.6151
710	70.6151
711	70.6151
712	70.6151
713	70.6151
714	70.6151
715	70.6151
716	70.6151
717	70.6151
718	70.6151
719	70.6151
720	70.6151
721	70.6151
722	70.6151
723	70.6151
724	70.6151
725	70.6151
726	70.6151
727	70.6151
728	70.6151
729	70.6151
730	70.6151
731	70.6151
732	70.6151
733	70.6151
734	70.6151
735	70.6151
736	70.6151
737	70.6151
738	70.6151
739	70.6151
740	70.6151
741	70.6151
742	70.6151
743	70.6151
744	70.6151
745	70.6151
746	70.6151
747	70.6151
748	70.6151
749	70.6151
750	70.6151
751	70.6151
752	70.6151
753	70.6151
754	70.6151
755	70.6151
756	70.6151
757	70.6151
758	70.6151
759	70.6151
760	70.6151
761	70.6151
762	70.6151
763	70.6151
764	70.6151
765	70.6151
766	70.6151
767	70.6151
768	70.6151
769	70.6151
770	70.6151
771	70.6151
772	70.6151
773	70.6151
774	70.6151
775	70.6151
776	70.6151
777	70.6151
778	70.6151
779	70.6151
780	70.6151
781	70.6151
782	70.6151
783	70.6151
784	70.5548
785	70.5548
786	70.5548
787	70.5548
788	70.5548
789	70.5548
790	70.5548
791	70.5548
792	70.5548
793	70.5548
794	70.5548
795	70.5548
796	70.5548
797	70.5548
798	70.5548
799	70.5548
800	70.5548
801	70.5548
802	70.5548
803	70.5548
804	70.5548
805	70.5548
806	70.5548
807	70.5548
808	70.5548
809	70.5548
810	70.5548
811	70.5548
812	70.5548
813	70.5548
814	70.5548
815	70.5548
816	70.5548
817	70.5548
818	70.5548
819	70.5548
820	70.5548
821	70.5548
822	70.5548
823	70.5548
824	70.5548
825	70.5548
826	70.5548
827	70.5548
828	70.5548
829	70.5548
830	70.5548
831	70.5548
832	70.5548
833	70.5548
834	70.5548
835	70.5548
836	70.5548
837	70.5548
838	70.5548
839	70.5548
840	70.5548
841	70.5548
842	70.5548
843	70.5548
844	70.5548
845	70.5548
846	70.5548
847	70.5548
848	70.5548
849	70.5548
850	70.5548
851	70.5548
852	70.5548
853	70.5548
854	70.5548
855	70.5548
856	70.5548
857	70.5548
858	70.5548
859	70.5548
860	70.5548
861	70.5548
862	70.5548
863	70.5548
864	70.5548
865	70.5548
866	70.5548
867	70.5548
868	70.5548
869	70.5548
870	70.5548
871	70.5548
872	70.5548
873	70.5548
874	70.5548
875	70.5548
876	70.5548
877	70.5548
878	70.5548
879	70.5548
880	70.5548
881	70.5548
882	70.5548
883	70.5548
884	70.5548
885	70.5548
886	70.5548
887	70.5548
888	70.5548
889	70.5548
890	70.5548
891	70.5548
892	70.5548
893	70.5548
894	70.5548
895	70.5548
896	70.5548
897	70.5548
898	70.5548
899	70.5548
900	70.5548
901	70.5548
902	70.5548
903	70.5548
904	70.5548
905	70.5548
906	70.5548
907	70.5548
908	70.5548
909	70.5548
910	70.5548
911	70.5548
912	70.5548
913	70.5548
914	70.5548
915	70.5548
916	70.5548
917	70.5548
918	70.5548
919	70.5548
920	70.5548
921	70.5548
922	70.5548
923	70.5548
924	70.5548
925	70.5548
926	70.5548
927	70.5548
928	70.5548
929	70.5548
930	70.5548
931	70.5548
932	70.5548
933	70.5548
934	70.5548
935	70.5548
936	70.5548
937	70.5548
938	70.5548
939	70.5548
940	70.5548
941	70.5548
942	70.5548
943	70.5548
944	70.5548
945	70.5548
946	70.5548
947	70.5548
948	70.5548
949	70.5548
950	70.5548
951	70.5548
952	70.5548
953	70.5548
954	70.5548
955	70.5548
956	70.5548
957	70.5548
958	70.5548
959	70.5548
960	70.5548
961	70.5548
962	70.5548
963	70.5548
964	70.5548
965	70.5548
966	70.5548
967	70.5548
968	70.5548
969	70.5548
970	70.5548
971	70.5548
972	70.5548
973	70.5548
974	70.5548
975	70.5548
976	70.5548
977	70.5548
978	70.5548
979	70.5548
980	70.5548
981	70.5548
982	70.5548
983	70.5548
984	70.5548
985	70.5548
986	70.5548
987	70.5548
988	70.5548
989	70.5548
990	70.5548
991	70.5548
992	70.5548
993	70.5548
994	70.5548
995	70.5548
996	70.5548
997	70.5548
998	70.5548
999	70.5548
1000	70.5548
1001	70.5548
1002	70.5548
1003	70.5548
1004	70.5548
1005	70.5548
1006	70.5548
1007	70.5548
1008	70.5548
1009	70.5548
1010	70.5548
1011	70.5548
1012	70.5548
1013	70.5548
1014	70.5548
1015	70.5548
1016	70.5548
1017	70.5548
1018	70.5548
1019	70.5548
1020	70.5548
1021	70.5548
1022	70.5548
1023	70.5548
1024	70.5548
1025	70.5548
1026	70.5548
1027	70.5548
1028	70.5548
1029	70.5548
1030	70.5548
1031	70.5548
1032	70.5548
1033	70.5548
1034	70.5548
1035	70.5548
1036	70.5548
1037	70.5548
1038	70.5548
1039	70.5548
1040	70.5548
1041	70.5548
1042	70.5548
1043	70.5548
1044	70.5548
1045	70.5548
1046	70.5548
1047	70.5548
1048	70.5548
1049	70.5548
1050	70.5548
1051	70.5548
1052	70.5548
1053	70.5548
1054	70.5548
1055	70.5548
1056	70.5548
1057	70.5548
1058	70.5548
1059	70.5548
1060	70.5548
1061	70.5548
1062	70.5548
1063	70.5548
1064	70.5548
1065	70.5548
1066	70.5548
1067	70.5548
1068	70.5548
1069	70.5548
1070	70.5548
1071	70.5548
1072	70.5548
1073	70.5548
1074	70.5548
1075	70.5548
1076	70.5548
1077	70.5548
1078	70.5548
1079	70.5548
1080	70.5548
1081	70.5548
1082	70.5548
1083	70.5548
1084	70.5548
1085	70.5548
1086	70.5548
1087	70.5548
1088	70.5548
1089	70.5548
1090	70.5548
1091	70.5548
1092	70.5548
1093	70.5548
1094	70.5548
1095	70.5548
1096	70.5548
1097	70.5548
1098	70.5548
1099	70.5548
1100	70.5548
1101	70.5548
1102	70.5548
1103	70.5548
1104	70.5548
1105	70.5548
1106	70.5548
1107	70.5548
1108	70.5548
1109	70.5548
1110	70.5548
1111	70.5548
1112	70.5548
1113	70.5548
1114	70.5548
1115	70.5548
1116	70.5548
1117	70.5548
1118	70.5548
1119	70.5548
1120	70.5548
1121	70.5548
1122	70.5548
1123	70.5548
1124	70.5548
1125	70.5548
1126	70.5548
1127	70.5548
1128	70.5548
1129	70.5548
1130	70.5548
1131	70.5548
1132	69.9096
1133	69.9096
1134	69.9096
1135	69.9096
1136	69.9096
1137	69.9096
1138	69.9096
1139	69.9096
1140	69.9096
1141	69.9096
1142	69.9096
1143	69.9096
1144	69.9096
1145	69.9096
1146	69.9096
1147	69.9096
1148	69.9096
1149	69.9096
1150	69.9096
1151	69.9096
1152	69.9096
1153	69.9096
1154	69.9096
1155	69.9096
1156	69.9096
1157	69.9096
1158	69.9096
1159	69.9096
1160	69.9096
1161	69.9096
1162	69.9096
1163	69.9096
1164	69.9096
1165	69.9096
1166	69.9096
1167	69.9096
1168	69.9096
1169	69.9096
1170	69.9096
1171	69.9096
1172	69.9096
1173	69.9096
1174	69.9096
1175	69.9096
1176	69.9096
1177	69.9096
1178	69.9096
1179	69.9096
1180	69.9096
1181	69.9096
1182	69.9096
1183	69.9096
1184	69.9096
1185	69.9096
1186	69.9096
1187	69.9096
1188	69.9096
1189	69.9096
1190	69.9096
1191	69.9096
1192	69.9096
1193	69.9096
1194	69.9096
1195	69.9096
1196	69.9096
1197	69.9096
1198	69.9096
1199	69.9096
1200	69.9096
1201	69.9096
1202	69.9096
1203	69.9096
1204	69.9096
1205	69.9096
1206	69.9096
1207	69.9096
1208	69.9096
1209	69.9096
1210	69.9096
1211	69.9096
1212	69.9096
1213	69.9096
1214	69.9096
1215	69.9096
1216	69.9096
1217	69.9096
1218	69.9096
1219	69.9096
1220	69.9096
1221	69.9096
1222	69.9096
1223	69.9096
1224	69.9096
1225	69.9096
1226	69.9096
1227	69.9096
1228	69.9096
1229	69.9096
1230	69.9096
1231	69.9096
1232	69.9096
1233	69.9096
1234	69.9096
1235	69.9096
1236	69.9096
1237	69.9096
1238	69.9096
1239	69.9096
1240	69.9096
1241	69.9096
1242	69.9096
1243	69.9096
1244	69.9096
1245	69.9096
1246	69.9096
1247	69.9096
1248	69.9096
1249	69.9096
1250	69.9096
1251	69.9096
1252	69.9096
1253	69.9096
1254	69.9096
1255	69.9096
1256	69.9096
1257	69.9096
1258	69.9096
1259	69.9096
1260	69.9096
1261	69.9096
1262	69.9096
1263	69.9096
1264	69.9096
1265	69.9096
1266	69.9096
1267	69.9096
1268	69.9096
1269	69.9096
1270	69.9096
1271	69.9096
1272	69.9096
1273	69.9096
1274	69.9096
1275	69.9096
1276	69.9096
1277	69.9096
1278	69.9096
1279	69.9096
1280	69.9096
1281	69.9096
1282	69.9096
1283	69.9096
1284	69.9096
1285	69.9096
1286	69.9096
1287	69.9096
1288	69.9096
1289	69.9096
1290	69.9096
1291	69.9096
1292	69.9096
1293	69.9096
1294	69.9096
1295	69.9096
1296	69.9096
1297	69.9096
1298	69.9096
1299	69.9096
1300	69.9096
1301	69.9096
1302	69.9096
1303	69.9096
1304	69.9096
1305	69.9096
1306	69.9096
1307	69.9096
1308	69.9096
1309	69.9096
1310	69.9096
1311	69.9096
1312	69.9096
1313	69.9096
1314	69.9096
1315	69.9096
1316	69.9096
1317	69.9096
1318	69.9096
1319	69.9096
1320	69.9096
1321	69.9096
1322	69.9096
1323	69.9096
1324	69.9096
1325	69.9096
1326	69.9096
1327	69.9096
1328	69.9096
1329	69.9096
1330	69.9096
1331	69.9096
1332	69.9096
1333	69.9096
1334	69.9096
1335	69.9096
1336	69.9096
1337	69.9096
1338	69.9096
1339	69.9096
1340	69.9096
1341	69.9096
1342	69.9096
1343	69.9096
1344	69.9096
1345	69.9096
1346	69.9096
1347	69.9096
1348	69.9096
1349	69.9096
1350	69.9096
1351	69.9096
1352	69.9096
1353	69.9096
1354	69.9096
1355	69.9096
1356	69.9096
1357	69.9096
1358	69.9096
1359	69.9096
1360	69.9096
1361	69.9096
1362	69.9096
1363	69.9096
1364	69.9096
1365	69.9096
1366	69.9096
1367	69.9096
1368	69.9096
1369	69.9096
1370	69.9096
1371	69.9096
1372	69.9096
1373	69.9096
1374	69.9096
1375	69.9096
1376	69.9096
1377	69.9096
1378	69.9096
1379	69.9096
1380	69.9096
1381	69.9096
1382	69.9096
1383	69.9096
1384	69.9096
1385	69.9096
1386	69.9096
1387	69.9096
1388	69.9096
1389	69.9096
1390	69.9096
1391	69.9096
1392	69.9096
1393	69.9096
1394	69.9096
1395	69.9096
1396	69.9096
1397	69.9096
1398	69.9096
1399	69.9096
1400	69.9096
1401	69.9096
1402	69.9096
1403	69.9096
1404	69.9096
1405	69.9096
1406	69.9096
1407	69.9096
1408	69.9096
1409	69.9096
1410	69.9096
1411	69.9096
1412	69.9096
1413	69.9096
1414	69.9096
1415	69.9096
1416	69.9096
1417	69.9096
1418	69.9096
1419	69.9096
1420	69.9096
1421	69.9096
1422	69.9096
1423	69.9096
1424	69.9096
1425	69.9096
1426	69.9096
1427	69.9096
1428	69.9096
1429	69.9096
1430	69.9096
1431	69.9096
1432	69.9096
1433	69.9096
1434	69.9096
1435	69.9096
1436	69.9096
1437	69.9096
1438	69.9096
1439	69.9096
1440	69.9096
1441	69.9096
1442	69.9096
1443	69.9096
1444	69.9096
1445	69.9096
1446	69.9096
1447	69.9096
1448	69.9096
1449	69.9096
1450	69.9096
1451	69.9096
1452	69.9096
1453	69.9096
1454	69.9096
1455	69.9096
1456	69.9096
1457	69.9096
1458	69.9096
1459	69.9096
1460	69.9096
1461	69.9096
1462	69.9096
1463	69.9096
1464	69.9096
1465	69.9096
1466	69.9096
1467	69.9096
1468	69.9096
1469	69.9096
1470	69.9096
1471	69.9096
1472	69.9096
1473	69.9096
1474	69.9096
1475	69.9096
1476	69.9096
1477	69.9096
1478	69.9096
1479	69.9096
1480	69.9096
1481	69.9096
1482	69.9096
1483	69.9096
1484	69.9096
1485	69.9096
1486	69.9096
1487	69.9096
1488	69.9096
1489	69.9096
1490	69.9096
1491	69.9096
1492	69.9096
1493	69.9096
1494	69.9096
1495	69.9096
1496	69.9096
1497	69.9096
1498	69.9096
1499	69.9096
1500	69.9096
1501	69.9096
1502	69.9096
1503	69.9096
1504	69.9096
1505	69.9096
1506	69.9096
1507	69.9096
1508	69.9096
1509	69.9096
1510	69.9096
1511	69.9096
1512	69.9096
1513	69.9096
1514	69.9096
1515	69.9096
1516	69.9096
1517	69.9096
1518	69.9096
1519	69.9096
1520	69.9096
1521	69.9096
1522	69.9096
1523	69.9096
1524	69.9096
1525	69.9096
1526	69.9096
1527	69.9096
1528	69.9096
1529	69.9096
1530	69.9096
1531	69.9096
1532	69.9096
1533	69.9096
1534	69.9096
1535	69.9096
1536	69.9096
1537	69.9096
1538	69.9096
1539	69.9096
1540	69.9096
1541	69.9096
1542	69.9096
1543	69.9096
1544	69.9096
1545	69.9096
1546	69.9096
1547	69.9096
1548	69.9096
1549	69.9096
1550	69.9096
1551	69.9096
1552	69.9096
1553	69.9096
1554	69.9096
1555	69.9096
1556	69.9096
1557	69.9096
1558	69.9096
1559	69.9096
1560	69.9096
1561	69.9096
1562	69.9096
1563	69.9096
1564	69.9096
1565	69.9096
1566	69.9096
1567	69.9096
1568	69.9096
1569	69.9096
1570	69.9096
1571	69.9096
1572	69.9096
1573	69.9096
1574	69.9096
1575	69.9096
1576	69.9096
1577	69.9096
1578	69.9096
1579	69.9096
1580	69.9096
1581	69.9096
1582	69.9096
1583	69.9096
1584	69.9096
1585	69.9096
1586	69.9096
1587	69.9096
1588	69.9096
1589	69.9096
1590	69.9096
1591	69.9096
1592	69.9096
1593	69.9096
1594	69.9096
1595	69.9096
1596	69.9096
1597	69.9096
1598	69.9096
1599	69.9096
1600	69.9096
1601	69.9096
1602	69.9096
1603	69.9096
1604	69.9096
1605	69.9096
1606	69.9096
1607	69.9096
1608	69.9096
1609	69.9096
1610	69.9096
1611	69.9096
1612	69.9096
1613	69.9096
1614	69.9096
1615	69.9096
1616	69.9096
1617	69.9096
1618	69.9096
1619	69.9096
1620	69.9096
1621	69.9096
1622	69.9096
1623	69.9096
1624	69.9096
1625	69.9096
1626	69.9096
1627	69.9096
1628	69.9096
1629	69.9096
1630	69.9096
1631	69.9096
1632	69.9096
1633	69.9096
1634	69.9096
1635	69.9096
1636	69.9096
1637	69.9096
1638	69.9096
1639	69.9096
1640	69.9096
1641	69.9096
1642	69.9096
1643	69.9096
1644	69.9096
1645	69.9096
1646	69.9096
1647	69.9096
1648	69.9096
1649	69.9096
1650	69.9096
1651	69.9096
1652	69.9096
1653	69.9096
1654	69.9096
1655	69.9096
1656	69.9096
1657	69.9096
1658	69.9096
1659	69.9096
1660	69.9096
1661	69.9096
1662	69.9096
1663	69.9096
1664	69.9096
1665	69.9096
1666	69.9096
1667	69.9096
1668	69.9096
1669	69.9096
1670	69.9096
1671	69.9096
1672	69.9096
1673	69.9096
1674	69.9096
1675	69.9096
1676	69.9096
1677	69.9096
1678	69.9096
1679	69.9096
1680	69.9096
1681	69.9096
1682	69.9096
1683	69.9096
1684	69.9096
1685	69.9096
1686	69.9096
1687	69.9096
1688	69.9096
1689	69.9096
1690	69.9096
1691	69.9096
1692	69.9096
1693	69.9096
1694	69.9096
1695	69.9096
1696	69.9096
1697	69.9096
1698	69.9096
1699	69.9096
1700	69.9096
1701	69.9096
1702	69.9096
1703	69.9096
1704	69.9096
1705	69.9096
1706	69.9096
1707	69.9096
1708	69.9096
1709	69.9096
1710	69.9096
1711	69.9096
1712	69.9096
1713	69.9096
1714	69.9096
1715	69.9096
1716	69.9096
1717	69.9096
1718	69.9096
1719	69.9096
1720	69.9096
1721	69.9096
1722	69.9096
1723	69.9096
1724	69.9096
1725	69.9096
1726	69.9096
1727	69.9096
1728	69.9096
1729	69.9096
1730	69.9096
1731	69.9096
1732	69.9096
1733	69.9096
1734	69.9096
1735	69.9096
1736	69.9096
1737	69.9096
1738	69.9096
1739	69.9096
1740	69.9096
1741	69.9096
1742	69.9096
1743	69.9096
1744	69.9096
1745	69.9096
1746	69.9096
1747	69.9096
1748	69.9096
1749	69.9096
1750	69.9096
1751	69.9096
1752	69.9096
1753	69.9096
1754	69.9096
1755	69.9096
1756	69.9096
1757	69.9096
1758	69.9096
1759	69.9096
1760	69.9096
1761	69.9096
1762	69.9096
1763	69.9096
1764	69.9096
1765	69.9096
1766	69.9096
1767	69.9096
1768	69.9096
1769	69.9096
1770	69.9096
1771	69.9096
1772	69.9096
1773	69.9096
1774	69.9096
1775	69.9096
1776	69.9096
1777	69.9096
1778	69.9096
1779	69.9096
1780	69.9096
1781	69.9096
1782	69.9096
1783	69.9096
1784	69.9096
1785	69.9096
1786	69.9096
1787	69.9096
1788	69.9096
1789	69.9096
1790	69.9096
1791	69.9096
1792	69.9096
1793	69.9096
1794	69.9096
1795	69.9096
1796	69.9096
1797	69.9096
1798	69.9096
1799	69.9096
1800	69.9096
1801	69.9096
1802	69.9096
1803	69.9096
1804	69.9096
1805	69.9096
1806	69.9096
1807	69.9096
1808	69.9096
1809	69.9096
1810	69.9096
1811	69.9096
1812	69.9096
1813	69.9096
1814	69.9096
1815	69.9096
1816	69.9096
1817	69.9096
1818	69.9096
1819	69.9096
1820	69.9096
1821	69.9096
1822	69.9096
1823	69.9096
1824	69.9096
1825	69.9096
1826	69.9096
1827	69.9096
1828	69.9096
1829	69.9096
1830	69.9096
1831	69.9096
1832	69.9096
1833	69.9096
1834	69.9096
1835	69.9096
1836	69.9096
1837	69.9096
1838	69.9096
1839	69.9096
1840	69.9096
1841	69.9096
1842	69.9096
1843	69.9096
1844	69.9096
1845	69.9096
1846	69.9096
1847	69.9096
1848	69.9096
1849	69.9096
1850	69.9096
1851	69.9096
1852	69.9096
1853	69.9096
1854	69.9096
1855	69.9096
1856	69.9096
1857	69.9096
1858	69.9096
1859	69.9096
1860	69.9096
1861	69.9096
1862	69.9096
1863	69.9096
1864	69.9096
1865	69.9096
1866	69.9096
1867	69.9096
1868	69.9096
1869	69.9096
1870	69.9096
1871	69.9096
1872	69.9096
1873	69.9096
1874	69.9096
1875	69.9096
1876	69.9096
1877	69.9096
1878	69.9096
1879	69.9096
1880	69.9096
1881	69.9096
1882	69.9096
1883	69.9096
1884	69.9096
1885	69.9096
1886	69.9096
1887	69.9096
1888	69.9096
1889	69.9096
1890	69.9096
1891	69.9096
1892	69.9096
1893	69.9096
1894	69.9096
1895	69.9096
1896	69.9096
1897	69.9096
1898	69.9096
1899	69.9096
1900	69.9096
1901	69.9096
1902	69.9096
1903	69.9096
1904	69.9096
1905	69.9096
1906	69.9096
1907	69.9096
1908	69.9096
1909	69.9096
1910	69.9096
1911	69.9096
1912	69.9096
1913	69.9096
1914	69.9096
1915	69.9096
1916	69.9096
1917	69.9096
1918	69.9096
1919	69.9096
1920	69.9096
1921	69.9096
1922	69.9096
1923	69.9096
1924	69.9096
1925	69.9096
1926	69.9096
1927	69.9096
1928	69.9096
1929	69.9096
1930	69.9096
1931	69.9096
1932	69.9096
1933	69.9096
1934	69.9096
1935	69.9096
1936	69.9096
1937	69.9096
1938	69.9096
1939	69.9096
1940	69.9096
1941	69.9096
1942	69.9096
1943	69.9096
1944	69.9096
1945	69.9096
1946	69.9096
1947	69.9096
1948	69.9096
1949	69.9096
1950	69.9096
1951	69.9096
1952	69.9096
1953	69.9096
1954	69.9096
1955	69.9096
1956	69.9096
1957	69.9096
1958	69.9096
1959	69.9096
1960	69.9096
1961	69.9096
1962	69.9096
1963	69.9096
1964	69.9096
1965	69.9096
1966	69.9096
1967	69.9096
1968	69.9096
1969	69.9096
1970	69.9096
1971	69.9096
1972	69.9096
1973	69.9096
1974	69.9096
1975	69.9096
1976	69.9096
1977	69.9096
1978	69.9096
1979	69.9096
1980	69.9096
1981	69.9096
1982	69.9096
1983	69.9096
1984	69.9096
1985	69.9096
1986	69.9096
1987	69.9096
1988	69.9096
1989	69.9096
1990	69.9096
1991	69.9096
1992	69.9096
1993	69.9096
1994	69.9096
1995	69.9096
1996	69.9096
1997	69.9096
1998	69.9096
1999	69.9096
2000	69.9096
2001	69.9096
2002	69.9096
2003	69.9096
2004	69.9096
2005	69.9096
2006	69.9096
2007	69.9096
2008	69.9096
2009	69.9096
2010	69.9096
2011	69.9096
2012	69.9096
2013	69.9096
2014	69.9096
2015	69.9096
2016	69.9096
2017	69.9096
2018	69.9096
2019	69.9096
2020	69.9096
2021	69.9096
2022	69.9096
2023	69.9096
2024	69.9096
2025	69.9096
2026	69.9096
2027	69.9096
2028	69.9096
2029	69.9096
2030	69.9096
2031	69.9096
2032	69.9096
2033	69.9096
2034	69.9096
2035	69.7156
2036	69.7156
2037	69.7156
2038	69.7156
2039	69.7156
2040	69.7156
2041	69.7156
2042	69.7156
2043	69.7156
2044	69.7156
2045	69.7156
2046	69.7156
2047	69.7156
2048	69.7156
2049	69.7156
2050	69.7156
2051	69.7156
2052	69.7156
2053	69.7156
2054	69.7156
2055	69.7156
2056	69.7156
2057	69.7156
2058	69.7156
2059	69.7156
2060	69.7156
2061	69.7156
2062	69.7156
2063	69.7156
2064	69.7156
2065	69.7156
2066	69.7156
2067	69.7156
2068	69.7156
2069	69.7156
2070	69.7156
2071	69.7156
2072	69.7156
2073	69.7156
2074	69.7156
2075	69.7156
2076	69.7156
2077	69.7156
2078	69.7156
2079	69.7156
2080	69.7156
2081	69.7156
2082	69.7156
2083	69.7156
2084	69.7156
2085	69.7156
2086	69.7156
2087	69.7156
2088	69.7156
2089	69.7156
2090	69.7156
2091	69.7156
2092	69.7156
2093	69.7156
2094	69.7156
2095	69.7156
2096	69.7156
2097	69.7156
2098	69.7156
2099	69.7156
2100	69.7156
2101	69.7156
2102	69.7156
2103	69.7156
2104	69.7156
2105	69.7156
2106	69.7156
2107	69.7156
2108	69.7156
2109	69.7156
2110	69.7156
2111	69.7156
2112	69.7156
2113	69.7156
2114	69.7156
2115	69.7156
2116	69.7156
2117	69.7156
2118	69.7156
2119	69.7156
2120	69.7156
2121	69.7156
2122	69.7156
2123	69.7156
2124	69.7156
2125	69.7156
2126	69.7156
2127	69.7156
2128	69.7156
2129	69.7156
2130	69.7156
2131	69.7156
2132	69.7156
2133	69.7156
2134	69.7156
2135	69.7156
2136	69.7156
2137	69.7156
2138	69.7156
2139	69.7156
2140	69.7156
2141	69.7156
2142	69.7156
2143	69.7156
2144	69.7156
2145	69.7156
2146	69.7156
2147	69.7156
2148	69.7156
2149	69.7156
2150	69.7156
2151	69.7156
2152	69.7156
2153	69.7156
2154	69.7156
2155	69.7156
2156	69.7156
2157	69.7156
2158	69.7156
2159	69.7156
2160	69.7156
2161	69.7156
2162	69.7156
2163	69.7156
2164	69.7156
2165	69.7156
2166	69.7156
2167	69.7156
2168	69.7156
2169	69.7156
2170	69.7156
2171	69.7156
2172	69.7156
2173	69.7156
2174	69.7156
2175	69.7156
2176	69.7156
2177	69.7156
2178	69.7156
2179	69.7156
2180	69.7156
2181	69.7156
2182	69.7156
2183	69.7156
2184	69.7156
2185	69.7156
2186	69.7156
2187	69.7156
2188	69.7156
2189	69.7156
2190	69.7156
2191	69.7156
2192	69.7156
2193	69.7156
2194	69.7156
2195	69.7156
2196	69.7156
2197	69.7156
2198	69.7156
2199	69.7156
2200	69.7156
2201	69.7156
2202	69.7156
2203	69.7156
2204	69.7156
2205	69.7156
2206	69.7156
2207	69.7156
2208	69.7156
2209	69.7156
2210	69.7156
2211	69.7156
2212	69.7156
2213	69.7156
2214	69.7156
2215	69.7156
2216	69.7156
2217	69.7156
2218	69.7156
2219	69.7156
2220	69.7156
2221	69.7156
2222	69.7156
2223	69.7156
2224	69.7156
2225	69.7156
2226	69.7156
2227	69.7156
2228	69.7156
2229	69.7156
2230	69.7156
2231	69.7156
2232	69.7156
2233	69.7156
2234	69.7156
2235	69.7156
2236	69.7156
2237	69.7156
2238	69.7156
2239	69.7156
2240	69.7156
2241	69.7156
2242	69.7156
2243	69.7156
2244	69.7156
2245	69.7156
2246	69.7156
2247	69.7156
2248	69.7156
2249	69.7156
2250	69.7156
2251	69.7156
2252	69.7156
2253	69.7156
2254	69.7156
2255	69.7156
2256	69.7156
2257	69.7156
2258	69.7156
2259	69.7156
2260	69.7156
2261	69.7156
2262	69.7156
2263	69.7156
2264	69.7156
2265	69.7156
2266	69.7156
2267	69.7156
2268	69.7156
2269	69.7156
2270	69.7156
2271	69.7156
2272	69.7156
2273	69.7156
2274	69.7156
2275	69.7156
2276	69.7156
2277	69.7156
2278	69.7156
2279	69.7156
2280	69.7156
2281	69.7156
2282	69.7156
2283	69.7156
2284	69.7156
2285	69.7156
2286	69.7156
2287	69.7156
2288	69.7156
2289	69.7156
2290	69.7156
2291	69.7156
2292	69.7156
2293	69.7156
2294	69.7156
2295	69.7156
2296	69.7156
2297	69.7156
2298	69.7156
2299	69.7156
2300	69.7156
2301	69.7156
2302	69.7156
2303	69.7156
2304	69.7156
2305	69.7156
2306	69.7156
2307	69.7156
2308	69.7156
2309	69.7156
2310	69.7156
2311	69.7156
2312	69.7156
2313	69.7156
2314	69.7156
2315	69.7156
2316	69.7156
2317	69.7156
2318	69.7156
2319	69.7156
2320	69.7156
2321	69.7156
2322	69.7156
2323	69.7156
2324	69.7156
2325	69.7156
2326	69.7156
2327	69.7156
2328	69.7156
2329	69.7156
2330	69.7156
2331	69.7156
2332	69.7156
2333	69.7156
2334	69.7156
2335	69.7156
2336	69.7156
2337	69.7156
2338	69.7156
2339	69.7156
2340	69.7156
2341	69.7156
2342	69.7156
2343	69.7156
2344	69.7156
2345	69.7156
2346	69.7156
2347	69.7156
2348	69.7156
2349	69.7156
2350	69.7156
2351	69.7156
2352	69.7156
2353	69.7156
2354	69.7156
2355	69.7156
2356	69.7156
2357	69.7156
2358	69.7156
2359	69.7156
2360	69.7156
2361	69.7156
2362	69.7156
2363	69.7156
2364	69.7156
2365	69.7156
2366	69.7156
2367	69.7156
2368	69.7156
2369	69.7156
2370	69.7156
2371	69.7156
2372	69.7156
2373	69.7156
2374	69.7156
2375	69.7156
2376	69.7156
2377	69.7156
2378	69.7156
2379	69.7156
2380	69.7156
2381	69.7156
2382	69.7156
2383	69.7156
2384	69.7156
2385	69.7156
2386	69.7156
2387	69.7156
2388	69.7156
2389	69.7156
2390	69.7156
2391	69.7156
2392	69.7156
2393	69.7156
2394	69.7156
2395	69.7156
2396	69.7156
2397	69.7156
2398	69.7156
2399	69.7156
2400	69.7156
2401	69.7156
2402	69.7156
2403	69.7156
2404	69.7156
2405	69.7156
2406	69.7156
2407	69.7156
2408	69.7156
2409	69.7156
2410	69.7156
2411	69.7156
2412	69.7156
2413	69.7156
2414	69.7156
2415	69.7156
2416	69.7156
2417	69.7156
2418	69.7156
2419	69.7156
2420	69.7156
2421	69.7156
2422	69.7156
2423	69.7156
2424	69.7156
2425	69.7156
2426	69.7156
2427	69.7156
2428	69.7156
2429	69.7156
2430	69.7156
2431	69.7156
2432	69.7156
2433	69.7156
2434	69.7156
2435	69.7156
2436	69.7156
2437	69.7156
2438	69.7156
2439	69.7156
2440	69.7156
2441	69.7156
2442	69.7156
2443	69.7156
2444	69.7156
2445	69.7156
2446	69.7156
2447	69.7156
2448	69.7156
2449	69.7156
2450	69.7156
2451	69.7156
2452	69.7156
2453	69.7156
2454	69.7156
2455	69.7156
2456	69.7156
2457	69.7156
2458	69.7156
2459	69.7156
2460	69.7156
2461	69.7156
2462	69.7156
2463	69.7156
2464	69.7156
2465	69.7156
2466	69.7156
2467	69.7156
2468	69.7156
2469	69.7156
2470	69.7156
2471	69.7156
2472	69.7156
2473	69.7156
2474	69.7156
2475	69.7156
2476	69.7156
2477	69.7156
2478	69.7156
2479	69.7156
2480	69.7156
2481	69.7156
2482	69.7156
2483	69.7156
2484	69.7156
2485	69.7156
2486	69.7156
2487	69.7156
2488	69.7156
2489	69.7156
2490	69.7156
2491	69.7156
2492	69.7156
2493	69.7156
2494	69.7156
2495	69.7156
2496	69.7156
2497	69.7156
2498	69.7156
2499	69.7156
2500	69.7156
