Gen:	L_2
1	404.317
2	383.956
3	364.72
4	356.688
5	344.269
6	327.677
7	310.672
8	301.119
9	292.577
10	285.037
11	278.234
12	268.808
13	261.693
14	255.139
15	248.716
16	243.877
17	232.637
18	228.998
19	226.566
20	222.098
21	215.751
22	211.187
23	206.644
24	198.084
25	194.174
26	191.251
27	186.123
28	183.047
29	179.849
30	177.505
31	175.378
32	172.355
33	169.89
34	166.838
35	165.268
36	163.641
37	162.148
38	161.046
39	159.038
40	157.898
41	156.166
42	151.257
43	151.231
44	149.888
45	148.099
46	145.398
47	143.397
48	142.628
49	142.33
50	140.473
51	139.025
52	137.984
53	136.433
54	133.774
55	132.272
56	130.605
57	129.728
58	127.866
59	125.575
60	124.223
61	122.951
62	121.731
63	121.169
64	120.012
65	118.875
66	116.679
67	115.997
68	115.382
69	114.871
70	114.471
71	113.265
72	112.381
73	111.815
74	111.239
75	110.395
76	110.395
77	109.517
78	108.204
79	107.722
80	106.808
81	106.194
82	105.28
83	104.645
84	104.256
85	103.63
86	103.329
87	102.057
88	101.187
89	100.363
90	99.2972
91	98.4779
92	97.8269
93	95.8109
94	94.7589
95	93.6193
96	92.5624
97	91.7939
98	90.9983
99	90.5788
100	90.1669
101	88.9973
102	88.5026
103	87.3131
104	86.9886
105	86.3915
106	85.8342
107	85.2772
108	84.5742
109	84.5742
110	84.5077
111	83.9796
112	83.586
113	83.586
114	83.2752
115	83.2319
116	82.5275
117	82.5025
118	82.3642
119	82.3231
120	81.7854
121	81.7854
122	81.0236
123	80.5433
124	80.5433
125	80.5433
126	80.1093
127	80.0556
128	80.0556
129	80.0234
130	79.7198
131	79.7198
132	79.2215
133	78.5395
134	78.5395
135	78.5395
136	78.5395
137	78.5082
138	78.1836
139	78.1524
140	78.1524
141	77.9184
142	77.9184
143	77.8659
144	77.5721
145	77.3382
146	77.2745
147	77.0936
148	77.0129
149	76.6089
150	76.6089
151	75.9492
152	75.6942
153	75.6942
154	75.6942
155	75.2679
156	75.1872
157	74.9305
158	74.694
159	74.5661
160	74.3169
161	73.9935
162	73.597
163	73.597
164	73.597
165	73.597
166	73.5789
167	73.5789
168	73.5789
169	73.5789
170	73.5789
171	73.5789
172	73.5789
173	73.5789
174	73.0486
175	73.0486
176	73.0486
177	73.0486
178	73.0486
179	72.8596
180	72.8596
181	72.8596
182	72.8596
183	72.8596
184	72.8596
185	72.8596
186	72.8596
187	72.8596
188	72.8596
189	72.8596
190	72.8596
191	72.4911
192	72.4911
193	72.4911
194	72.4911
195	72.4911
196	72.4911
197	72.0958
198	72.0958
199	72.0958
200	72.0958
201	72.0958
202	72.0958
203	72.0958
204	72.0958
205	72.0958
206	72.0958
207	71.8831
208	71.8755
209	71.8755
210	71.8755
211	71.8755
212	71.8755
213	71.8755
214	71.8755
215	71.8755
216	71.8755
217	71.8755
218	71.8755
219	71.8755
220	71.8755
221	71.8755
222	71.8755
223	71.8755
224	71.8755
225	71.8755
226	71.8755
227	71.8755
228	71.8755
229	71.8755
230	71.8755
231	71.8755
232	71.8755
233	71.8755
234	71.6889
235	71.6889
236	71.6889
237	71.6889
238	71.6889
239	71.6889
240	71.6889
241	71.6889
242	71.6889
243	71.6889
244	71.6889
245	71.6889
246	71.6889
247	71.6889
248	71.6889
249	71.6889
250	71.4247
251	71.4247
252	71.4247
253	71.4247
254	71.4247
255	71.4247
256	71.3808
257	71.3808
258	71.3808
259	71.3808
260	71.3808
261	71.3808
262	71.3808
263	71.3808
264	71.3808
265	71.2935
266	71.2935
267	71.2935
268	71.2935
269	71.2935
270	71.2935
271	71.2935
272	71.2935
273	71.2935
274	71.2935
275	71.2935
276	71.2935
277	71.2935
278	71.1885
279	71.153
280	71.153
281	71.153
282	71.153
283	71.153
284	71.153
285	71.153
286	71.153
287	71.153
288	71.153
289	71.153
290	71.153
291	71.153
292	71.153
293	71.153
294	71.153
295	71.153
296	71.153
297	71.153
298	71.153
299	71.153
300	71.153
301	71.153
302	71.153
303	71.153
304	71.153
305	71.153
306	71.153
307	71.153
308	71.153
309	71.153
310	71.153
311	71.153
312	71.153
313	71.153
314	71.153
315	71.153
316	71.153
317	71.153
318	71.153
319	71.153
320	71.153
321	71.153
322	71.153
323	71.153
324	71.153
325	71.153
326	71.153
327	71.153
328	71.153
329	71.153
330	71.153
331	71.153
332	71.153
333	71.153
334	71.153
335	71.153
336	71.153
337	71.153
338	71.153
339	71.153
340	71.153
341	71.153
342	71.153
343	71.153
344	71.153
345	71.153
346	71.153
347	71.153
348	71.153
349	71.153
350	70.9141
351	70.9141
352	70.8785
353	70.8785
354	70.8785
355	70.8785
356	70.8785
357	70.8785
358	70.8785
359	70.8785
360	70.8785
361	70.8785
362	70.8785
363	70.8785
364	70.8785
365	70.8785
366	70.8785
367	70.8785
368	70.8785
369	70.8785
370	70.8785
371	70.8785
372	70.8785
373	70.8785
374	70.8785
375	70.8785
376	70.8785
377	70.8785
378	70.8785
379	70.8785
380	70.8785
381	70.8785
382	70.8785
383	70.8785
384	70.8785
385	70.8785
386	70.8785
387	70.8785
388	70.8785
389	70.8785
390	70.8785
391	70.8785
392	70.8785
393	70.8785
394	70.8785
395	70.8785
396	70.8785
397	70.8785
398	70.8785
399	70.8785
400	70.8785
401	70.8785
402	70.8785
403	70.8785
404	70.8785
405	70.8785
406	70.8785
407	70.8785
408	70.8785
409	70.8785
410	70.8785
411	70.8785
412	70.8785
413	70.8785
414	70.8785
415	70.8785
416	70.8785
417	70.8785
418	70.8785
419	70.8785
420	70.8785
421	70.8785
422	70.8785
423	70.8785
424	70.8785
425	70.8785
426	70.8785
427	70.8785
428	70.8785
429	70.8785
430	70.8785
431	70.8785
432	70.8785
433	70.8785
434	70.8785
435	70.8785
436	70.8785
437	70.8785
438	70.8785
439	70.8785
440	70.8785
441	70.8785
442	70.8785
443	70.8785
444	70.8785
445	70.8785
446	70.8785
447	70.8785
448	70.8785
449	70.8785
450	70.8785
451	70.8785
452	70.8785
453	70.8785
454	70.8785
455	70.8785
456	70.8785
457	70.8785
458	70.8785
459	70.8785
460	70.8785
461	70.8785
462	70.8785
463	70.8785
464	70.8785
465	70.8785
466	70.8785
467	70.8785
468	70.8785
469	70.8785
470	70.8785
471	70.8785
472	70.8785
473	70.8785
474	70.8785
475	70.8785
476	70.8785
477	70.8785
478	70.8785
479	70.8785
480	70.8785
481	70.8785
482	70.8785
483	70.8785
484	70.8785
485	70.8785
486	70.8785
487	70.8785
488	70.8785
489	70.8785
490	70.8785
491	70.8785
492	70.8785
493	70.8785
494	70.8785
495	70.8785
496	70.7648
497	70.7648
498	70.7648
499	70.7648
500	70.616
501	70.616
502	70.616
503	70.616
504	70.616
505	70.616
506	70.616
507	70.616
508	70.6105
509	70.6105
510	70.6105
511	70.6105
512	70.6105
513	70.6105
514	70.6105
515	70.6105
516	70.6105
517	70.6105
518	70.6105
519	70.6105
520	70.6105
521	70.6105
522	70.6105
523	70.6105
524	70.6105
525	70.6105
526	70.6105
527	70.6105
528	70.6105
529	70.6105
530	70.6105
531	70.6105
532	70.6105
533	70.6105
534	70.6105
535	70.6105
536	70.6105
537	70.6105
538	70.6105
539	70.6105
540	70.6105
541	70.6105
542	70.6105
543	70.6105
544	70.6105
545	70.6105
546	70.6105
547	70.6105
548	70.6105
549	70.6105
550	70.6105
551	70.6105
552	70.6105
553	70.6105
554	70.6105
555	70.4657
556	70.4207
557	70.4207
558	70.4207
559	70.4207
560	70.4207
561	70.4207
562	70.4207
563	70.4207
564	70.4207
565	70.4207
566	70.4207
567	70.4207
568	70.4207
569	70.4207
570	70.4207
571	70.4207
572	70.4207
573	70.4207
574	70.4207
575	70.4207
576	70.4207
577	70.4207
578	70.4207
579	70.4207
580	70.4207
581	70.4207
582	70.4207
583	70.4207
584	70.4207
585	70.4207
586	70.4207
587	70.4207
588	70.4207
589	70.4207
590	70.4207
591	70.4207
592	70.4207
593	70.4207
594	70.4207
595	70.4207
596	70.4207
597	70.4207
598	70.4207
599	70.275
600	70.275
601	70.275
602	70.275
603	70.275
604	70.275
605	70.275
606	70.275
607	70.275
608	70.1887
609	70.1887
610	70.1887
611	70.1887
612	70.1887
613	70.1887
614	70.1887
615	70.1209
616	70.1209
617	70.1209
618	70.1209
619	70.1209
620	70.1209
621	70.1209
622	70.1209
623	70.1209
624	70.1209
625	70.1209
626	70.1209
627	70.1209
628	70.1209
629	70.1209
630	70.1209
631	70.1209
632	70.1209
633	70.1209
634	70.1209
635	70.1209
636	70.1209
637	70.1209
638	70.1209
639	70.1209
640	70.1209
641	70.1209
642	70.1209
643	70.1209
644	70.1209
645	70.1209
646	70.1209
647	70.1209
648	70.1209
649	70.1209
650	70.1209
651	70.1209
652	70.1209
653	70.1209
654	70.1209
655	70.1209
656	70.1209
657	70.1209
658	70.1209
659	70.1209
660	70.1209
661	70.1209
662	70.1209
663	70.1209
664	70.1209
665	70.1209
666	70.1209
667	70.1209
668	70.1209
669	70.1209
670	70.1209
671	70.1209
672	70.1209
673	70.1209
674	70.1209
675	70.1209
676	70.1209
677	70.1209
678	70.1209
679	70.1209
680	70.1209
681	70.1209
682	70.1209
683	70.1209
684	70.1209
685	70.1209
686	70.1209
687	70.1209
688	70.1209
689	70.1209
690	70.1209
691	70.1209
692	70.1209
693	70.1209
694	70.1209
695	70.1209
696	70.1209
697	70.1209
698	70.1209
699	70.1209
700	70.1209
701	70.1209
702	70.1209
703	70.1209
704	70.1209
705	70.1209
706	70.1209
707	70.1209
708	70.1209
709	70.1209
710	70.1209
711	70.1209
712	70.1209
713	70.1209
714	70.1209
715	70.1209
716	70.1209
717	70.1209
718	70.1209
719	70.1209
720	70.1209
721	70.1209
722	70.1209
723	70.1209
724	70.1209
725	70.1209
726	70.1209
727	70.1209
728	70.1209
729	70.1209
730	70.1209
731	70.1209
732	70.1209
733	70.1209
734	70.1209
735	70.1209
736	70.1209
737	70.1209
738	70.1209
739	70.1209
740	70.1209
741	70.1209
742	70.1209
743	70.1209
744	70.1209
745	70.1209
746	70.1209
747	70.1209
748	70.1209
749	70.1209
750	70.1209
751	70.1209
752	70.1209
753	70.1209
754	70.1209
755	70.1209
756	70.1209
757	70.1209
758	70.1209
759	70.1209
760	70.1209
761	70.1209
762	70.1209
763	70.1209
764	70.1209
765	70.1209
766	70.1209
767	70.1209
768	70.1209
769	70.1209
770	70.1209
771	70.1209
772	70.1209
773	70.1209
774	70.1209
775	70.1209
776	70.1209
777	70.1209
778	70.1209
779	70.1209
780	70.1209
781	70.1209
782	70.1209
783	70.1209
784	70.1209
785	70.1209
786	70.1209
787	70.1209
788	70.1209
789	70.1209
790	70.1209
791	70.1209
792	70.1209
793	70.1209
794	70.1209
795	70.1209
796	70.1209
797	70.1209
798	70.1209
799	70.1209
800	70.1209
801	70.1209
802	70.1209
803	70.1209
804	70.1209
805	70.1209
806	70.1209
807	70.1209
808	70.1209
809	70.1209
810	70.1209
811	70.1209
812	70.1209
813	70.1209
814	70.1209
815	70.1209
816	70.1209
817	70.1209
818	70.1209
819	70.1209
820	70.1209
821	70.1209
822	70.1209
823	70.1209
824	70.1209
825	70.1209
826	70.1209
827	70.1209
828	70.1209
829	70.1209
830	70.1209
831	70.1209
832	70.1209
833	70.1209
834	70.1209
835	70.1209
836	70.1209
837	70.1209
838	70.1209
839	70.1209
840	70.1209
841	70.1209
842	70.1209
843	70.1209
844	70.1209
845	70.1209
846	70.1209
847	70.1209
848	70.1209
849	70.1209
850	70.1209
851	70.1209
852	70.1209
853	70.1209
854	70.1209
855	70.1209
856	70.1209
857	70.1209
858	70.1209
859	70.1209
860	70.1209
861	70.1209
862	70.1209
863	70.1209
864	70.1209
865	70.1209
866	70.1209
867	70.1209
868	70.1209
869	70.1209
870	70.1209
871	70.1209
872	70.1209
873	70.1209
874	70.1209
875	70.1209
876	70.1209
877	70.1209
878	70.1209
879	70.1209
880	70.1209
881	70.1209
882	70.1209
883	70.1209
884	70.1209
885	70.1209
886	70.1209
887	70.1209
888	70.1209
889	70.1209
890	70.1209
891	70.1209
892	70.1209
893	70.1209
894	70.1209
895	70.1209
896	70.1209
897	70.1209
898	70.1209
899	70.1209
900	70.1209
901	70.1209
902	70.1209
903	70.1209
904	70.1209
905	70.1209
906	70.1209
907	70.1209
908	70.1209
909	70.1209
910	70.1209
911	70.1209
912	70.1209
913	70.1209
914	70.1209
915	70.1209
916	70.1209
917	70.1209
918	70.1209
919	70.1209
920	70.1209
921	70.1209
922	70.1209
923	70.1209
924	70.1209
925	70.1209
926	70.1209
927	70.1209
928	70.1209
929	70.1209
930	70.1209
931	70.1209
932	70.1209
933	70.1209
934	70.1209
935	70.1209
936	70.1209
937	70.1209
938	70.1209
939	70.1209
940	70.1209
941	70.1209
942	70.1209
943	70.1209
944	70.1209
945	70.1209
946	70.1209
947	70.1209
948	70.1209
949	70.1209
950	70.1209
951	70.1209
952	70.1209
953	70.1209
954	70.1209
955	70.1209
956	70.1209
957	70.1209
958	70.1209
959	70.1209
960	70.1209
961	70.1209
962	70.1209
963	70.1209
964	70.1209
965	70.1209
966	70.1209
967	70.1209
968	70.1209
969	70.1209
970	70.1209
971	70.1209
972	70.1209
973	70.1209
974	70.1209
975	70.1209
976	70.1209
977	70.1209
978	70.1209
979	70.1209
980	70.1209
981	70.1209
982	70.1209
983	70.1209
984	70.1209
985	70.1209
986	70.1209
987	70.1209
988	70.1209
989	70.1209
990	70.1209
991	70.1209
992	70.1209
993	70.1209
994	70.1209
995	70.0563
996	70.0563
997	70.0563
998	70.0563
999	70.0563
1000	70.0563
1001	70.0563
1002	70.0563
1003	70.0563
1004	70.0563
1005	70.0563
1006	70.0563
1007	70.0563
1008	70.0563
1009	70.0563
1010	70.0563
1011	70.0563
1012	69.8527
1013	69.8527
1014	69.8527
1015	69.8527
1016	69.8527
1017	69.8527
1018	69.8527
1019	69.8527
1020	69.8527
1021	69.8527
1022	69.8527
1023	69.8527
1024	69.8527
1025	69.8527
1026	69.8527
1027	69.8527
1028	69.8527
1029	69.8527
1030	69.8527
1031	69.8527
1032	69.8527
1033	69.8527
1034	69.8527
1035	69.8527
1036	69.8527
1037	69.8527
1038	69.8527
1039	69.8527
1040	69.8527
1041	69.8527
1042	69.8527
1043	69.8527
1044	69.8527
1045	69.8527
1046	69.8527
1047	69.8527
1048	69.8527
1049	69.8527
1050	69.8527
1051	69.8527
1052	69.8527
1053	69.8527
1054	69.8527
1055	69.8527
1056	69.8527
1057	69.8527
1058	69.8527
1059	69.8527
1060	69.8527
1061	69.8527
1062	69.8527
1063	69.8527
1064	69.8527
1065	69.8527
1066	69.8527
1067	69.8527
1068	69.8527
1069	69.8527
1070	69.8527
1071	69.8527
1072	69.8527
1073	69.8527
1074	69.8527
1075	69.8527
1076	69.8527
1077	69.8527
1078	69.8527
1079	69.8527
1080	69.8527
1081	69.8527
1082	69.8527
1083	69.8527
1084	69.8527
1085	69.8527
1086	69.8527
1087	69.8527
1088	69.8527
1089	69.8527
1090	69.8527
1091	69.8527
1092	69.8527
1093	69.8527
1094	69.8527
1095	69.8527
1096	69.8527
1097	69.8527
1098	69.8527
1099	69.8527
1100	69.8527
1101	69.8527
1102	69.8527
1103	69.8527
1104	69.8527
1105	69.8527
1106	69.8527
1107	69.8527
1108	69.8527
1109	69.8527
1110	69.8527
1111	69.8527
1112	69.8527
1113	69.8527
1114	69.8527
1115	69.8527
1116	69.8527
1117	69.8527
1118	69.8527
1119	69.8527
1120	69.8527
1121	69.8527
1122	69.8527
1123	69.8527
1124	69.8527
1125	69.8527
1126	69.8527
1127	69.8527
1128	69.8527
1129	69.8527
1130	69.8527
1131	69.8527
1132	69.8527
1133	69.8527
1134	69.8527
1135	69.8527
1136	69.8527
1137	69.8527
1138	69.8527
1139	69.8527
1140	69.8527
1141	69.8527
1142	69.8527
1143	69.8527
1144	69.8527
1145	69.8527
1146	69.8527
1147	69.8527
1148	69.8527
1149	69.8527
1150	69.8527
1151	69.8527
1152	69.8527
1153	69.8527
1154	69.8527
1155	69.8527
1156	69.8527
1157	69.8527
1158	69.8527
1159	69.8527
1160	69.8527
1161	69.8527
1162	69.8527
1163	69.8527
1164	69.8527
1165	69.8527
1166	69.8527
1167	69.8527
1168	69.8527
1169	69.8527
1170	69.8527
1171	69.8527
1172	69.8527
1173	69.8527
1174	69.8527
1175	69.8527
1176	69.8527
1177	69.8527
1178	69.8527
1179	69.8527
1180	69.8527
1181	69.8527
1182	69.8527
1183	69.8527
1184	69.8527
1185	69.8527
1186	69.8527
1187	69.8527
1188	69.8527
1189	69.8527
1190	69.8527
1191	69.8527
1192	69.8527
1193	69.8527
1194	69.8527
1195	69.8527
1196	69.8527
1197	69.8527
1198	69.8527
1199	69.8527
1200	69.8527
1201	69.8527
1202	69.8527
1203	69.8527
1204	69.8527
1205	69.8527
1206	69.8527
1207	69.8527
1208	69.8527
1209	69.8527
1210	69.8527
1211	69.8527
1212	69.8527
1213	69.8527
1214	69.8527
1215	69.8527
1216	69.8527
1217	69.8527
1218	69.8527
1219	69.8527
1220	69.8527
1221	69.8527
1222	69.8527
1223	69.8527
1224	69.8527
1225	69.8527
1226	69.8527
1227	69.8527
1228	69.8527
1229	69.8527
1230	69.8527
1231	69.8527
1232	69.8527
1233	69.8527
1234	69.8527
1235	69.8527
1236	69.8527
1237	69.8527
1238	69.8527
1239	69.8527
1240	69.8527
1241	69.8527
1242	69.8527
1243	69.8527
1244	69.8527
1245	69.8527
1246	69.8527
1247	69.8527
1248	69.8527
1249	69.8527
1250	69.8527
1251	69.8527
1252	69.8527
1253	69.8527
1254	69.8527
1255	69.8527
1256	69.8527
1257	69.8527
1258	69.8527
1259	69.8527
1260	69.8527
1261	69.8527
1262	69.8527
1263	69.8527
1264	69.8527
1265	69.8527
1266	69.8527
1267	69.8527
1268	69.8527
1269	69.8527
1270	69.8527
1271	69.8527
1272	69.8527
1273	69.8527
1274	69.8527
1275	69.8527
1276	69.8527
1277	69.8527
1278	69.8527
1279	69.8527
1280	69.8527
1281	69.8527
1282	69.8527
1283	69.8527
1284	69.8527
1285	69.8527
1286	69.8527
1287	69.8527
1288	69.8527
1289	69.8527
1290	69.8527
1291	69.8527
1292	69.8527
1293	69.8527
1294	69.8527
1295	69.8527
1296	69.8527
1297	69.8527
1298	69.8527
1299	69.8527
1300	69.8527
1301	69.8527
1302	69.8527
1303	69.8527
1304	69.8527
1305	69.8527
1306	69.8527
1307	69.8527
1308	69.8527
1309	69.8527
1310	69.8527
1311	69.8527
1312	69.8527
1313	69.8527
1314	69.8527
1315	69.8527
1316	69.8527
1317	69.8527
1318	69.8527
1319	69.8527
1320	69.8527
1321	69.8527
1322	69.8527
1323	69.8527
1324	69.8527
1325	69.8527
1326	69.8527
1327	69.8527
1328	69.8527
1329	69.8527
1330	69.8527
1331	69.8527
1332	69.8527
1333	69.8527
1334	69.8527
1335	69.8527
1336	69.8527
1337	69.8527
1338	69.8527
1339	69.8527
1340	69.8527
1341	69.8527
1342	69.8527
1343	69.8527
1344	69.8527
1345	69.8527
1346	69.8527
1347	69.8527
1348	69.8527
1349	69.8527
1350	69.8527
1351	69.8527
1352	69.8527
1353	69.8527
1354	69.8527
1355	69.8527
1356	69.8527
1357	69.8527
1358	69.8527
1359	69.8527
1360	69.8527
1361	69.8527
1362	69.8527
1363	69.8527
1364	69.8527
1365	69.8527
1366	69.8527
1367	69.8527
1368	69.8527
1369	69.8527
1370	69.8527
1371	69.8527
1372	69.8527
1373	69.8527
1374	69.8527
1375	69.8527
1376	69.8527
1377	69.8527
1378	69.8527
1379	69.8527
1380	69.8527
1381	69.8527
1382	69.8527
1383	69.8527
1384	69.8527
1385	69.8527
1386	69.8527
1387	69.8527
1388	69.8527
1389	69.8527
1390	69.8527
1391	69.8527
1392	69.8527
1393	69.8527
1394	69.8527
1395	69.8527
1396	69.8527
1397	69.8527
1398	69.8527
1399	69.8527
1400	69.8527
1401	69.8527
1402	69.8527
1403	69.8527
1404	69.8527
1405	69.8527
1406	69.8527
1407	69.8527
1408	69.8527
1409	69.8527
1410	69.8527
1411	69.8527
1412	69.8527
1413	69.8527
1414	69.8527
1415	69.8527
1416	69.8527
1417	69.8527
1418	69.8527
1419	69.8527
1420	69.8527
1421	69.8527
1422	69.8527
1423	69.8527
1424	69.8527
1425	69.8527
1426	69.8527
1427	69.8527
1428	69.8527
1429	69.8527
1430	69.8527
1431	69.8527
1432	69.8527
1433	69.8527
1434	69.8527
1435	69.8527
1436	69.8527
1437	69.8527
1438	69.8527
1439	69.8527
1440	69.8527
1441	69.8527
1442	69.8527
1443	69.8527
1444	69.8527
1445	69.8527
1446	69.8527
1447	69.8527
1448	69.8527
1449	69.8527
1450	69.8527
1451	69.8527
1452	69.8527
1453	69.8527
1454	69.8527
1455	69.8527
1456	69.8527
1457	69.8527
1458	69.8527
1459	69.8527
1460	69.8527
1461	69.8527
1462	69.8527
1463	69.8527
1464	69.8527
1465	69.8527
1466	69.8527
1467	69.8527
1468	69.8527
1469	69.8527
1470	69.8527
1471	69.8527
1472	69.8527
1473	69.8527
1474	69.8527
1475	69.8527
1476	69.8527
1477	69.8527
1478	69.8527
1479	69.8527
1480	69.8527
1481	69.8527
1482	69.8527
1483	69.8527
1484	69.8527
1485	69.8527
1486	69.8527
1487	69.8527
1488	69.8527
1489	69.8527
1490	69.8527
1491	69.8527
1492	69.8527
1493	69.8527
1494	69.8527
1495	69.8527
1496	69.8527
1497	69.8527
1498	69.8527
1499	69.8527
1500	69.8527
1501	69.8527
1502	69.8527
1503	69.8527
1504	69.8527
1505	69.8527
1506	69.8527
1507	69.8527
1508	69.8527
1509	69.8527
1510	69.8527
1511	69.8527
1512	69.8527
1513	69.8527
1514	69.8527
1515	69.8527
1516	69.8527
1517	69.8527
1518	69.8527
1519	69.8527
1520	69.8527
1521	69.8527
1522	69.8527
1523	69.8527
1524	69.8527
1525	69.8527
1526	69.8527
1527	69.8527
1528	69.8527
1529	69.8527
1530	69.8527
1531	69.8527
1532	69.8527
1533	69.8527
1534	69.8527
1535	69.8527
1536	69.8527
1537	69.8527
1538	69.8527
1539	69.8527
1540	69.8527
1541	69.8527
1542	69.8527
1543	69.8527
1544	69.8527
1545	69.8527
1546	69.8527
1547	69.8527
1548	69.8527
1549	69.8527
1550	69.8527
1551	69.8527
1552	69.8527
1553	69.8527
1554	69.8527
1555	69.8527
1556	69.8527
1557	69.8527
1558	69.8527
1559	69.8527
1560	69.8527
1561	69.8527
1562	69.8527
1563	69.8527
1564	69.8527
1565	69.8527
1566	69.8527
1567	69.8527
1568	69.8527
1569	69.8527
1570	69.8527
1571	69.8527
1572	69.8527
1573	69.8527
1574	69.8527
1575	69.8527
1576	69.8527
1577	69.8527
1578	69.8527
1579	69.8527
1580	69.8527
1581	69.8527
1582	69.8527
1583	69.8527
1584	69.8527
1585	69.8527
1586	69.8527
1587	69.8527
1588	69.8527
1589	69.8527
1590	69.8527
1591	69.8527
1592	69.8527
1593	69.8527
1594	69.8527
1595	69.8527
1596	69.8527
1597	69.8527
1598	69.8527
1599	69.8527
1600	69.8527
1601	69.8527
1602	69.8527
1603	69.8527
1604	69.8527
1605	69.8527
1606	69.8527
1607	69.8527
1608	69.8527
1609	69.8527
1610	69.8527
1611	69.8527
1612	69.8527
1613	69.8527
1614	69.8527
1615	69.8527
1616	69.8527
1617	69.8527
1618	69.8527
1619	69.8527
1620	69.8527
1621	69.8527
1622	69.8527
1623	69.8527
1624	69.8527
1625	69.8527
1626	69.8527
1627	69.8527
1628	69.8527
1629	69.8527
1630	69.8527
1631	69.8527
1632	69.8527
1633	69.8527
1634	69.8527
1635	69.8527
1636	69.8527
1637	69.8527
1638	69.8527
1639	69.8527
1640	69.8527
1641	69.8527
1642	69.8527
1643	69.8527
1644	69.8527
1645	69.8527
1646	69.8527
1647	69.8527
1648	69.8527
1649	69.8527
1650	69.8527
1651	69.8527
1652	69.8527
1653	69.8527
1654	69.8527
1655	69.8527
1656	69.8527
1657	69.8527
1658	69.8527
1659	69.8527
1660	69.8527
1661	69.8527
1662	69.8527
1663	69.8527
1664	69.8527
1665	69.8527
1666	69.8527
1667	69.8527
1668	69.8527
1669	69.8527
1670	69.8527
1671	69.8527
1672	69.8527
1673	69.8527
1674	69.8527
1675	69.8527
1676	69.8527
1677	69.8527
1678	69.8527
1679	69.8527
1680	69.8527
1681	69.8527
1682	69.8527
1683	69.8527
1684	69.8527
1685	69.8527
1686	69.8527
1687	69.8527
1688	69.8527
1689	69.8527
1690	69.8527
1691	69.8527
1692	69.8527
1693	69.8527
1694	69.8527
1695	69.8527
1696	69.8527
1697	69.8527
1698	69.8527
1699	69.8527
1700	69.8527
1701	69.8527
1702	69.8527
1703	69.8527
1704	69.8527
1705	69.8527
1706	69.8527
1707	69.8527
1708	69.8527
1709	69.8527
1710	69.8527
1711	69.8527
1712	69.8527
1713	69.8527
1714	69.8527
1715	69.8527
1716	69.8527
1717	69.8527
1718	69.8527
1719	69.8527
1720	69.8527
1721	69.8527
1722	69.8527
1723	69.8527
1724	69.8527
1725	69.8527
1726	69.8527
1727	69.8527
1728	69.8527
1729	69.8527
1730	69.8527
1731	69.8527
1732	69.8527
1733	69.8527
1734	69.8527
1735	69.8527
1736	69.8527
1737	69.8527
1738	69.8527
1739	69.8527
1740	69.8527
1741	69.8527
1742	69.8527
1743	69.8527
1744	69.8527
1745	69.8527
1746	69.8527
1747	69.8527
1748	69.8527
1749	69.8527
1750	69.8527
1751	69.8527
1752	69.8527
1753	69.8527
1754	69.8527
1755	69.8527
1756	69.8527
1757	69.8527
1758	69.8527
1759	69.8527
1760	69.8527
1761	69.8527
1762	69.8527
1763	69.8527
1764	69.8527
1765	69.8527
1766	69.8527
1767	69.8527
1768	69.8527
1769	69.8527
1770	69.8527
1771	69.8527
1772	69.8527
1773	69.8527
1774	69.8527
1775	69.8527
1776	69.8527
1777	69.8527
1778	69.8527
1779	69.8527
1780	69.8527
1781	69.8527
1782	69.8527
1783	69.8527
1784	69.8527
1785	69.8527
1786	69.8527
1787	69.8527
1788	69.8527
1789	69.8527
1790	69.8527
1791	69.8527
1792	69.8527
1793	69.8527
1794	69.8527
1795	69.8527
1796	69.8527
1797	69.8527
1798	69.8527
1799	69.8527
1800	69.8527
1801	69.8527
1802	69.8527
1803	69.8527
1804	69.8527
1805	69.8527
1806	69.8527
1807	69.8527
1808	69.8527
1809	69.8527
1810	69.8527
1811	69.8527
1812	69.8527
1813	69.8527
1814	69.8527
1815	69.8527
1816	69.8527
1817	69.8527
1818	69.8527
1819	69.8527
1820	69.8527
1821	69.8527
1822	69.8527
1823	69.8527
1824	69.8527
1825	69.8527
1826	69.8527
1827	69.8527
1828	69.8527
1829	69.8527
1830	69.8527
1831	69.8527
1832	69.8527
1833	69.8527
1834	69.8527
1835	69.8527
1836	69.8527
1837	69.8527
1838	69.8527
1839	69.8527
1840	69.8527
1841	69.8527
1842	69.8527
1843	69.8527
1844	69.8527
1845	69.8527
1846	69.8527
1847	69.8527
1848	69.8527
1849	69.8527
1850	69.8527
1851	69.8527
1852	69.8527
1853	69.8527
1854	69.8527
1855	69.8527
1856	69.8527
1857	69.8527
1858	69.8527
1859	69.8527
1860	69.8527
1861	69.8527
1862	69.8527
1863	69.8527
1864	69.8527
1865	69.8527
1866	69.8527
1867	69.8527
1868	69.8527
1869	69.8527
1870	69.8527
1871	69.8527
1872	69.8527
1873	69.8527
1874	69.8527
1875	69.8527
1876	69.8527
1877	69.8527
1878	69.8527
1879	69.8527
1880	69.8527
1881	69.8527
1882	69.8527
1883	69.8527
1884	69.8527
1885	69.8527
1886	69.8527
1887	69.8527
1888	69.8527
1889	69.8527
1890	69.8527
1891	69.8527
1892	69.8527
1893	69.8527
1894	69.8527
1895	69.8527
1896	69.8527
1897	69.8527
1898	69.8527
1899	69.8527
1900	69.8527
1901	69.8527
1902	69.8527
1903	69.8527
1904	69.8527
1905	69.8527
1906	69.8527
1907	69.8527
1908	69.8527
1909	69.8527
1910	69.8527
1911	69.8527
1912	69.8527
1913	69.8527
1914	69.8527
1915	69.8527
1916	69.8527
1917	69.8527
1918	69.8527
1919	69.8527
1920	69.8527
1921	69.8527
1922	69.8527
1923	69.8527
1924	69.8527
1925	69.8527
1926	69.8527
1927	69.8527
1928	69.8527
1929	69.8527
1930	69.8527
1931	69.8527
1932	69.8527
1933	69.8527
1934	69.8527
1935	69.8527
1936	69.8527
1937	69.8527
1938	69.8527
1939	69.8527
1940	69.8527
1941	69.8527
1942	69.8527
1943	69.8527
1944	69.8527
1945	69.8527
1946	69.8527
1947	69.8527
1948	69.8527
1949	69.8527
1950	69.8527
1951	69.8527
1952	69.8527
1953	69.8527
1954	69.8527
1955	69.8527
1956	69.8527
1957	69.8527
1958	69.8527
1959	69.8527
1960	69.8527
1961	69.8527
1962	69.8527
1963	69.8527
1964	69.8527
1965	69.8527
1966	69.8527
1967	69.8527
1968	69.8527
1969	69.8527
1970	69.8527
1971	69.8527
1972	69.8527
1973	69.8527
1974	69.8527
1975	69.8527
1976	69.8527
1977	69.8527
1978	69.8527
1979	69.8527
1980	69.8527
1981	69.8527
1982	69.8527
1983	69.8527
1984	69.8527
1985	69.8527
1986	69.8527
1987	69.8527
1988	69.8527
1989	69.8527
1990	69.8527
1991	69.8527
1992	69.8527
1993	69.8527
1994	69.8527
1995	69.8527
1996	69.8527
1997	69.8527
1998	69.8527
1999	69.8527
2000	69.8527
2001	69.8527
2002	69.8527
2003	69.8527
2004	69.8527
2005	69.8527
2006	69.8527
2007	69.8527
2008	69.8527
2009	69.8527
2010	69.8527
2011	69.8527
2012	69.8527
2013	69.8527
2014	69.8527
2015	69.8527
2016	69.8527
2017	69.8527
2018	69.8527
2019	69.8527
2020	69.8527
2021	69.8527
2022	69.8527
2023	69.8527
2024	69.8527
2025	69.8527
2026	69.8527
2027	69.8527
2028	69.8527
2029	69.8527
2030	69.8527
2031	69.8527
2032	69.8527
2033	69.8527
2034	69.8527
2035	69.8527
2036	69.8527
2037	69.8527
2038	69.8527
2039	69.8527
2040	69.8527
2041	69.8527
2042	69.8527
2043	69.8527
2044	69.8527
2045	69.8527
2046	69.8527
2047	69.8527
2048	69.8527
2049	69.8527
2050	69.8527
2051	69.8527
2052	69.8527
2053	69.8527
2054	69.8527
2055	69.8527
2056	69.8527
2057	69.8527
2058	69.8527
2059	69.8527
2060	69.8527
2061	69.8527
2062	69.8527
2063	69.8527
2064	69.8527
2065	69.8527
2066	69.8527
2067	69.8527
2068	69.8527
2069	69.8527
2070	69.8527
2071	69.8527
2072	69.8527
2073	69.8527
2074	69.8527
2075	69.8527
2076	69.8527
2077	69.8527
2078	69.8527
2079	69.8527
2080	69.8527
2081	69.8527
2082	69.8527
2083	69.8527
2084	69.8527
2085	69.8527
2086	69.8527
2087	69.8527
2088	69.8527
2089	69.8527
2090	69.8527
2091	69.8527
2092	69.8527
2093	69.8527
2094	69.8527
2095	69.8527
2096	69.8527
2097	69.8527
2098	69.8527
2099	69.8527
2100	69.8527
2101	69.8527
2102	69.8527
2103	69.8527
2104	69.8527
2105	69.8527
2106	69.8527
2107	69.8527
2108	69.8527
2109	69.8527
2110	69.8527
2111	69.8527
2112	69.8527
2113	69.8527
2114	69.8527
2115	69.8527
2116	69.8527
2117	69.8527
2118	69.8527
2119	69.8527
2120	69.8527
2121	69.8527
2122	69.8527
2123	69.8527
2124	69.8527
2125	69.8527
2126	69.8527
2127	69.8527
2128	69.8527
2129	69.8527
2130	69.8527
2131	69.8527
2132	69.8527
2133	69.8527
2134	69.8527
2135	69.8527
2136	69.8527
2137	69.8527
2138	69.8527
2139	69.8527
2140	69.8527
2141	69.8527
2142	69.8527
2143	69.8527
2144	69.8527
2145	69.8527
2146	69.8527
2147	69.8527
2148	69.8527
2149	69.8527
2150	69.8527
2151	69.8527
2152	69.8527
2153	69.8527
2154	69.8527
2155	69.8527
2156	69.8527
2157	69.8527
2158	69.8527
2159	69.8527
2160	69.8527
2161	69.8527
2162	69.8527
2163	69.8527
2164	69.8527
2165	69.8527
2166	69.8527
2167	69.8527
2168	69.8527
2169	69.8527
2170	69.8527
2171	69.8527
2172	69.8527
2173	69.8527
2174	69.8527
2175	69.8527
2176	69.8527
2177	69.8527
2178	69.8527
2179	69.8527
2180	69.8527
2181	69.8527
2182	69.8527
2183	69.8527
2184	69.8527
2185	69.8527
2186	69.8527
2187	69.8527
2188	69.8527
2189	69.8527
2190	69.8527
2191	69.8527
2192	69.8527
2193	69.8527
2194	69.8527
2195	69.8527
2196	69.8527
2197	69.8527
2198	69.8527
2199	69.8527
2200	69.8527
2201	69.8527
2202	69.8527
2203	69.8527
2204	69.8527
2205	69.8527
2206	69.8527
2207	69.8527
2208	69.8527
2209	69.8527
2210	69.8527
2211	69.8527
2212	69.8527
2213	69.8527
2214	69.8527
2215	69.8527
2216	69.8527
2217	69.8527
2218	69.8527
2219	69.8527
2220	69.8527
2221	69.8527
2222	69.8527
2223	69.8527
2224	69.8527
2225	69.8527
2226	69.8527
2227	69.8527
2228	69.8527
2229	69.8527
2230	69.8527
2231	69.8527
2232	69.8527
2233	69.8527
2234	69.8527
2235	69.8527
2236	69.8527
2237	69.8527
2238	69.8527
2239	69.8527
2240	69.8527
2241	69.8527
2242	69.8527
2243	69.8527
2244	69.8527
2245	69.8527
2246	69.8527
2247	69.8527
2248	69.8527
2249	69.8527
2250	69.8527
2251	69.8527
2252	69.8527
2253	69.8527
2254	69.8527
2255	69.8527
2256	69.8527
2257	69.8527
2258	69.8527
2259	69.8527
2260	69.8527
2261	69.8527
2262	69.8527
2263	69.8527
2264	69.8527
2265	69.8527
2266	69.8527
2267	69.8527
2268	69.8527
2269	69.8527
2270	69.8527
2271	69.8527
2272	69.8527
2273	69.8527
2274	69.8527
2275	69.8527
2276	69.8527
2277	69.8527
2278	69.8527
2279	69.8527
2280	69.8527
2281	69.8527
2282	69.8527
2283	69.8527
2284	69.8527
2285	69.8527
2286	69.8527
2287	69.8527
2288	69.8527
2289	69.8527
2290	69.8527
2291	69.8527
2292	69.8527
2293	69.8527
2294	69.8527
2295	69.8527
2296	69.8527
2297	69.8527
2298	69.8527
2299	69.8527
2300	69.8527
2301	69.8527
2302	69.8527
2303	69.8527
2304	69.8527
2305	69.8527
2306	69.8527
2307	69.8527
2308	69.8527
2309	69.8527
2310	69.8527
2311	69.8527
2312	69.8527
2313	69.8527
2314	69.8527
2315	69.8527
2316	69.8527
2317	69.8527
2318	69.8527
2319	69.8527
2320	69.8527
2321	69.8527
2322	69.8527
2323	69.8527
2324	69.8527
2325	69.8527
2326	69.8527
2327	69.8527
2328	69.8527
2329	69.8527
2330	69.8527
2331	69.8527
2332	69.8527
2333	69.8527
2334	69.8527
2335	69.8527
2336	69.8527
2337	69.8527
2338	69.8527
2339	69.8527
2340	69.8527
2341	69.8527
2342	69.8527
2343	69.8527
2344	69.8527
2345	69.8527
2346	69.8527
2347	69.8527
2348	69.8527
2349	69.8527
2350	69.8527
2351	69.8527
2352	69.8527
2353	69.8527
2354	69.8527
2355	69.8527
2356	69.8527
2357	69.8527
2358	69.8527
2359	69.8527
2360	69.8527
2361	69.8527
2362	69.8527
2363	69.8527
2364	69.8527
2365	69.8527
2366	69.8527
2367	69.8527
2368	69.8527
2369	69.8527
2370	69.8527
2371	69.8527
2372	69.8527
2373	69.8527
2374	69.8527
2375	69.8527
2376	69.8527
2377	69.8527
2378	69.8527
2379	69.8527
2380	69.8527
2381	69.8527
2382	69.8527
2383	69.8527
2384	69.8527
2385	69.8527
2386	69.8527
2387	69.8527
2388	69.8527
2389	69.8527
2390	69.8527
2391	69.8527
2392	69.8527
2393	69.8527
2394	69.8527
2395	69.8527
2396	69.8527
2397	69.8527
2398	69.8527
2399	69.8527
2400	69.8527
2401	69.8527
2402	69.8527
2403	69.8527
2404	69.8527
2405	69.8527
2406	69.8527
2407	69.8527
2408	69.8527
2409	69.8527
2410	69.8527
2411	69.8527
2412	69.8527
2413	69.8527
2414	69.8527
2415	69.8527
2416	69.8527
2417	69.8527
2418	69.8527
2419	69.8527
2420	69.8527
2421	69.8527
2422	69.8527
2423	69.8527
2424	69.8527
2425	69.8527
2426	69.8527
2427	69.8527
2428	69.8527
2429	69.8527
2430	69.8527
2431	69.8527
2432	69.8527
2433	69.8527
2434	69.8527
2435	69.8527
2436	69.8527
2437	69.8527
2438	69.8527
2439	69.8527
2440	69.8527
2441	69.8527
2442	69.8527
2443	69.8527
2444	69.8527
2445	69.8527
2446	69.8527
2447	69.8527
2448	69.8527
2449	69.8527
2450	69.8527
2451	69.8527
2452	69.8527
2453	69.8527
2454	69.8527
2455	69.8527
2456	69.8527
2457	69.8527
2458	69.8527
2459	69.8527
2460	69.8527
2461	69.8527
2462	69.8527
2463	69.8527
2464	69.8527
2465	69.8527
2466	69.8527
2467	69.8527
2468	69.8527
2469	69.8527
2470	69.8527
2471	69.8527
2472	69.8527
2473	69.8527
2474	69.8527
2475	69.8527
2476	69.8527
2477	69.8527
2478	69.8527
2479	69.8527
2480	69.8527
2481	69.8527
2482	69.8527
2483	69.8527
2484	69.8527
2485	69.8527
2486	69.8527
2487	69.8527
2488	69.8527
2489	69.8527
2490	69.8527
2491	69.8527
2492	69.8527
2493	69.8527
2494	69.8527
2495	69.8527
2496	69.8527
2497	69.8527
2498	69.8527
2499	69.8527
2500	69.8527
