Gen:	<L_2>
0	510.172
1	457.088
2	420.991
3	391.104
4	375.411
5	360.964
6	349.098
7	338.181
8	330.203
9	321.867
10	314.343
11	306.696
12	299.125
13	292.969
14	284.278
15	272.102
16	265.188
17	258.908
18	253.309
19	248.388
20	243.193
21	237.039
22	230.8
23	225.733
24	222.474
25	219.16
26	215.161
27	208.519
28	201.585
29	195.18
30	188.957
31	185.151
32	181.933
33	179.427
34	177.068
35	174.726
36	171.296
37	168.444
38	165.681
39	162.693
40	160.177
41	158.109
42	155.949
43	153.992
44	151.741
45	149.439
46	147.42
47	145.104
48	141.939
49	140.339
50	139.02
51	137.757
52	136.939
53	135.541
54	134.318
55	132.818
56	131.693
57	130.505
58	128.82
59	127.339
60	125.822
61	124.986
62	124.125
63	123.149
64	122.107
65	121.44
66	120.279
67	119.625
68	119.037
69	118.078
70	117.065
71	115.608
72	115.103
73	114.225
74	113.463
75	113.67
76	112.714
77	112.087
78	111.571
79	110.801
80	110.18
81	109.161
82	108.725
83	108.232
84	107.268
85	106.24
86	105.717
87	104.752
88	103.772
89	102.852
90	102.934
91	103.439
92	101.89
93	100.982
94	100.026
95	99.3443
96	98.697
97	98.2831
98	98.7083
99	100.075
100	100.374
101	99.9207
102	98.348
103	97.8475
104	98.2422
105	97.8619
106	96.3159
107	95.1373
108	94.33
109	93.6679
110	93.3
111	93.003
112	92.9473
113	92.6598
114	92.5783
115	91.8487
116	91.4586
117	91.4688
118	91.071
119	91.0552
120	90.5777
121	90.0677
122	89.8629
123	90.0295
124	89.7619
125	89.068
126	89.7721
127	90.1362
128	88.5669
129	88.3909
130	87.8331
131	87.6088
132	87.1212
133	87.106
134	86.9709
135	86.62
136	86.241
137	85.8323
138	86.0442
139	86.2563
140	86.0036
141	85.6699
142	85.335
143	85.3572
144	85.201
145	84.5437
146	84.2524
147	84.0393
148	84.6193
149	85.0083
150	84.7664
151	84.0414
152	83.6363
153	83.576
154	83.303
155	83.4575
156	83.3485
157	83.0904
158	83.2411
159	82.7184
160	82.758
161	82.4938
162	82.4748
163	82.6912
164	82.7402
165	83.0391
166	83.1805
167	83.0005
168	82.3011
169	81.6173
170	81.0343
171	80.7651
172	80.575
173	80.664
174	80.5994
175	80.3421
176	80.1311
177	80.087
178	79.752
179	79.7412
180	79.8362
181	79.6247
182	79.6456
183	80.0236
184	79.7438
185	79.7183
186	79.6264
187	79.5002
188	79.698
189	79.4091
190	79.1934
191	78.9079
192	78.7769
193	78.5515
194	78.3227
195	78.1286
196	79.1068
197	80.8427
198	80.3911
199	79.0058
200	78.2261
201	78.0954
202	78.0279
203	77.7366
204	77.7999
205	77.8048
206	77.6909
207	77.5214
208	77.7134
209	77.6106
210	77.7274
211	79.0201
212	80.0561
213	79.7504
214	78.3947
215	77.817
216	77.2895
217	77.1136
218	77.0889
219	77.013
220	77.1458
221	77.0524
222	77.2725
223	77.3273
224	77.3189
225	77.149
226	77.1541
227	77.2038
228	76.9866
229	76.7454
230	76.9468
231	76.9086
232	77.0982
233	76.7923
234	76.4826
235	76.6145
236	76.5055
237	76.3644
238	76.5187
239	76.3452
240	76.1707
241	76.2994
242	76.2629
243	76.074
244	76.2513
245	76.3
246	76.2095
247	76.2142
248	75.9698
249	76.1053
250	76.091
251	76.0255
252	76.0956
253	75.8851
254	76.0168
255	75.9607
256	76.1066
257	76.1457
258	76.0792
259	76.1119
260	76.8158
261	77.0328
262	76.4713
263	76.5392
264	76.3976
265	76.1556
266	76.0644
267	76.1867
268	76.1347
269	76.0146
270	76.4698
271	76.0381
272	76.1365
273	76.2019
274	76.182
275	75.9087
276	75.8974
277	75.9211
278	75.8731
279	75.9674
280	76.1536
281	76.1065
282	75.7792
283	75.8292
284	75.7806
285	76.1228
286	76.005
287	75.9984
288	76.2823
289	76.1257
290	76.0808
291	76.0328
292	75.9627
293	75.8266
294	75.8692
295	76.1332
296	75.8659
297	76.0613
298	75.9784
299	75.9555
300	76.0747
301	76.0548
302	76.1052
303	75.9192
304	75.9039
305	75.9389
306	75.7383
307	75.73
308	75.9574
309	75.6621
310	75.8147
311	75.9841
312	76.1238
313	76.1277
314	76.0343
315	76.1877
316	76.0949
317	75.8108
318	76.1958
319	76.0955
320	75.882
321	75.9178
322	75.7972
323	76.1911
324	75.9152
325	76.0926
326	76.1914
327	75.8695
328	76.0475
329	75.9714
330	75.9819
331	76.1099
332	76.0115
333	76.1144
334	76.2186
335	76.248
336	75.9775
337	75.9973
338	75.9899
339	75.9662
340	75.869
341	75.843
342	75.9305
343	75.707
344	75.767
345	75.9869
346	76.0247
347	76.2581
348	76.0093
349	76.1065
350	75.904
351	75.9066
352	76.0884
353	75.6953
354	75.5847
355	75.8935
356	76.1772
357	76.1276
358	75.874
359	75.9494
360	75.8333
361	75.7871
362	75.7414
363	76.071
364	75.6743
365	75.8356
366	75.6904
367	75.8329
368	75.6737
369	75.8077
370	75.9753
371	75.712
372	75.6895
373	75.7491
374	75.8226
375	75.9899
376	75.6621
377	75.7986
378	75.7074
379	75.8606
380	75.815
381	75.8949
382	75.878
383	76.0558
384	75.7155
385	75.7423
386	75.8239
387	75.8469
388	75.9379
389	76.0959
390	75.8899
391	76.0409
392	75.7614
393	75.7212
394	75.757
395	75.7809
396	75.9221
397	75.7965
398	75.5661
399	75.6249
400	75.6788
401	76.1344
402	75.6672
403	75.3994
404	75.5992
405	75.8653
406	75.5008
407	75.6513
408	75.5505
409	75.5656
410	75.6141
411	75.4898
412	75.6947
413	75.6017
414	75.5464
415	75.6021
416	75.6377
417	75.3195
418	75.381
419	74.7621
420	74.7984
421	74.7311
422	74.6935
423	74.6639
424	74.7436
425	74.9798
426	74.7763
427	74.7389
428	74.7669
429	74.624
430	74.7708
431	74.6679
432	75.0116
433	74.8895
434	74.7399
435	74.7291
436	74.8195
437	75.0179
438	74.6871
439	74.8705
440	74.9843
441	74.7659
442	74.9026
443	74.7607
444	74.7926
445	74.8271
446	74.654
447	74.9901
448	74.7356
449	74.8854
450	74.8724
451	74.9847
452	74.8311
453	74.985
454	74.8242
455	74.8715
456	74.7719
457	74.587
458	74.942
459	74.9185
460	74.9233
461	74.9272
462	74.5414
463	74.8983
464	75.0155
465	74.9972
466	74.6886
467	74.6395
468	74.5724
469	74.8277
470	74.8779
471	74.7568
472	74.924
473	74.8652
474	74.9602
475	74.6447
476	74.8124
477	74.6982
478	74.9487
479	74.7676
480	74.8521
481	74.7837
482	74.7921
483	74.7919
484	74.5268
485	74.8202
486	74.8592
487	74.8625
488	74.8766
489	74.9202
490	74.7524
491	74.6971
492	74.4902
493	74.725
494	74.6092
495	75.0524
496	74.7419
497	74.8676
498	74.8266
499	74.8764
500	74.7922
501	74.6882
502	75.0334
503	74.8246
504	74.9298
505	74.8463
506	74.9314
507	74.8778
508	74.7251
509	74.7485
510	74.6885
511	74.651
512	74.6796
513	74.6738
514	74.6182
515	74.7756
516	74.5259
517	74.6903
518	74.7975
519	74.6601
520	74.6694
521	74.4931
522	74.565
523	74.7461
524	74.8205
525	74.8611
526	74.7469
527	74.7596
528	74.642
529	74.8873
530	74.5005
531	74.5819
532	74.8214
533	74.7471
534	74.9187
535	74.8979
536	75.1057
537	74.674
538	74.6634
539	74.5217
540	74.7305
541	74.8767
542	74.893
543	74.9004
544	74.9222
545	74.5636
546	74.9073
547	74.6263
548	74.5422
549	74.7356
550	74.9504
551	74.8296
552	74.8153
553	74.9668
554	75.0193
555	74.8071
556	75.1921
557	75.4896
558	74.8252
559	74.1928
560	74.0938
561	74.1657
562	74.1136
563	74.1241
564	73.9692
565	74.0328
566	74.0248
567	74.106
568	74.4923
569	74.275
570	74.0848
571	73.9476
572	73.8857
573	73.8072
574	73.7898
575	73.8267
576	73.6737
577	73.8394
578	73.9878
579	73.9227
580	73.9087
581	74.0388
582	73.8664
583	73.8202
584	73.7489
585	73.9372
586	73.9093
587	73.8049
588	74.0214
589	73.9325
590	74.2471
591	73.9655
592	73.9593
593	73.9803
594	73.9257
595	74.091
596	73.9949
597	74.0356
598	74.0775
599	74.0606
600	73.8618
601	73.9651
602	73.8677
603	73.9365
604	73.8042
605	73.7262
606	73.7141
607	73.596
608	73.4417
609	73.4732
610	73.7336
611	73.9252
612	73.7141
613	73.7142
614	73.7492
615	73.8853
616	73.4763
617	73.8656
618	73.8097
619	73.7878
620	73.5469
621	73.77
622	73.4879
623	73.4279
624	73.4576
625	73.69
626	73.8099
627	73.7549
628	73.7183
629	73.9485
630	73.9379
631	73.6734
632	74.2516
633	74.2506
634	73.8867
635	73.8235
636	73.8624
637	73.7887
638	73.708
639	73.5699
640	73.8381
641	73.5452
642	73.6894
643	73.8358
644	73.7201
645	73.5701
646	73.7679
647	73.5638
648	73.6346
649	73.9202
650	73.7915
651	73.9821
652	73.8304
653	73.9377
654	73.9513
655	73.8538
656	73.8201
657	73.7342
658	73.8689
659	73.6023
660	73.6582
661	73.6645
662	73.7461
663	73.7597
664	73.9059
665	73.805
666	73.7438
667	73.7922
668	73.579
669	73.7109
670	73.5104
671	73.7309
672	73.8293
673	73.7116
674	73.6437
675	73.7191
676	73.8766
677	73.7369
678	74.0485
679	73.657
680	73.4856
681	73.6664
682	73.8432
683	73.6554
684	73.5735
685	73.6156
686	73.5378
687	73.4409
688	73.3904
689	73.578
690	73.626
691	74.0007
692	73.8658
693	73.6793
694	73.7249
695	73.6859
696	73.5849
697	73.3671
698	73.6322
699	73.5835
700	73.8084
701	73.3963
702	73.5733
703	73.6963
704	73.5594
705	73.705
706	73.5497
707	73.4802
708	73.6171
709	73.586
710	73.7632
711	73.7208
712	73.9026
713	73.6217
714	73.5829
715	73.5277
716	73.8832
717	73.9002
718	73.7679
719	73.7117
720	73.6497
721	73.8294
722	73.779
723	73.519
724	73.8034
725	73.7051
726	73.7617
727	73.7778
728	73.6456
729	73.6718
730	73.4994
731	73.5226
732	73.7317
733	73.7639
734	73.6502
735	73.9275
736	73.9928
737	73.7461
738	73.6132
739	73.6431
740	73.8247
741	73.6328
742	73.4539
743	73.8488
744	73.8277
745	73.68
746	73.4531
747	73.6144
748	73.5394
749	73.8943
750	73.597
751	74.0164
752	73.899
753	73.9393
754	73.5571
755	73.7318
756	73.6544
757	73.5574
758	73.5685
759	73.8687
760	73.8103
761	73.7272
762	73.8429
763	73.7366
764	73.6744
765	73.8477
766	73.5934
767	73.6771
768	73.57
769	73.7135
770	73.8552
771	73.6704
772	73.7666
773	73.5622
774	73.7488
775	73.9973
776	73.828
777	73.7668
778	73.669
779	73.8035
780	73.7407
781	73.9049
782	73.8103
783	73.4594
784	73.5456
785	73.7217
786	73.8656
787	74.1749
788	74.0029
789	73.7869
790	73.6293
791	73.64
792	73.7534
793	73.7636
794	73.5896
795	73.728
796	73.7643
797	73.8262
798	73.8384
799	73.5196
800	73.8331
801	73.7019
802	73.7837
803	73.6924
804	73.7324
805	73.7177
806	73.8892
807	73.7665
808	73.5851
809	73.8011
810	73.7929
811	73.8496
812	73.8854
813	73.9833
814	74.0152
815	73.6528
816	73.7595
817	73.9145
818	73.6457
819	73.6484
820	73.677
821	73.9643
822	73.7373
823	73.5684
824	73.5758
825	73.8065
826	73.4181
827	73.7194
828	73.7371
829	73.6972
830	73.6636
831	73.9226
832	73.7503
833	73.9234
834	73.6693
835	73.8376
836	73.7202
837	73.938
838	73.7452
839	73.8633
840	73.7774
841	73.942
842	74.1274
843	73.8592
844	73.7235
845	73.6197
846	73.5409
847	73.4945
848	73.3224
849	73.4364
850	73.6516
851	73.8692
852	73.8099
853	73.6645
854	73.5716
855	73.6953
856	73.6615
857	73.9923
858	73.8702
859	73.8991
860	73.8422
861	73.3611
862	73.6997
863	73.8001
864	73.5682
865	73.9025
866	73.552
867	73.7002
868	73.7368
869	73.4427
870	73.6358
871	74.0603
872	73.6966
873	73.8628
874	73.6948
875	73.8128
876	73.9641
877	73.863
878	73.8023
879	73.9326
880	73.7612
881	73.6786
882	73.5309
883	73.6639
884	73.3314
885	73.7365
886	73.5938
887	73.8388
888	73.459
889	73.671
890	73.6145
891	73.5685
892	73.6804
893	73.6385
894	73.5646
895	73.5108
896	73.5349
897	73.5674
898	73.9056
899	73.6894
900	73.5663
901	73.7676
902	73.7359
903	73.8419
904	73.7218
905	73.69
906	73.4675
907	73.6108
908	73.732
909	73.4611
910	73.6754
911	73.7182
912	73.6258
913	73.5812
914	73.6829
915	73.6483
916	73.7695
917	73.6798
918	73.6358
919	73.5928
920	73.8639
921	73.4905
922	73.6137
923	73.6645
924	73.6091
925	73.9087
926	74.0143
927	73.8227
928	73.327
929	73.523
930	73.5972
931	73.5581
932	73.6648
933	73.7416
934	73.5855
935	73.6555
936	73.6596
937	73.5856
938	74.4189
939	74.1504
940	73.535
941	73.8999
942	73.8595
943	73.4637
944	73.5888
945	73.7367
946	73.7715
947	73.8945
948	73.859
949	73.8493
950	73.8966
951	73.9003
952	73.9497
953	73.9436
954	73.602
955	73.4919
956	73.6992
957	73.6623
958	73.8449
959	73.5282
960	73.7525
961	73.7215
962	73.9929
963	73.7405
964	73.7065
965	73.5438
966	73.6444
967	73.5743
968	73.8518
969	73.7704
970	73.9109
971	73.6678
972	73.7199
973	73.4667
974	73.5555
975	73.4468
976	73.5048
977	73.5693
978	73.7921
979	73.8839
980	73.9169
981	73.7552
982	73.7486
983	73.962
984	73.4661
985	73.62
986	73.7803
987	73.6832
988	73.7466
989	73.8354
990	73.6689
991	73.6074
992	73.7383
993	73.5469
994	73.5325
995	73.5734
996	73.6425
997	73.7851
998	73.8016
999	73.6251
1000	73.4604
1001	73.6009
1002	73.9525
1003	73.8281
1004	73.6452
1005	73.6241
1006	73.8092
1007	73.7274
1008	73.7
1009	73.8667
1010	73.823
1011	73.7136
1012	73.6877
1013	73.4842
1014	73.5387
1015	73.4139
1016	73.6023
1017	73.6893
1018	73.7152
1019	73.6944
1020	73.8149
1021	73.8219
1022	73.6464
1023	73.7902
1024	73.7452
1025	73.6573
1026	73.6429
1027	73.5284
1028	73.5638
1029	73.6508
1030	73.7254
1031	73.4778
1032	73.5275
1033	73.3815
1034	73.5729
1035	73.7115
1036	73.4285
1037	73.6429
1038	73.4696
1039	73.4368
1040	73.5795
1041	73.9142
1042	73.6059
1043	73.6029
1044	73.8241
1045	73.852
1046	73.6216
1047	73.7744
1048	73.7414
1049	73.8697
1050	73.6693
1051	73.8543
1052	73.6747
1053	73.5477
1054	73.6731
1055	73.5771
1056	73.9534
1057	73.928
1058	73.696
1059	73.7337
1060	73.6637
1061	73.8796
1062	73.8048
1063	74.1298
1064	73.9289
1065	73.8456
1066	74.0569
1067	73.6973
1068	73.7434
1069	73.6666
1070	73.5098
1071	73.4756
1072	73.5661
1073	73.5633
1074	73.5622
1075	73.7791
1076	73.4327
1077	73.5827
1078	73.9055
1079	73.7099
1080	73.6838
1081	73.8386
1082	73.8688
1083	73.7487
1084	73.6528
1085	73.8246
1086	73.6321
1087	73.83
1088	73.5212
1089	73.6173
1090	73.6911
1091	73.6245
1092	73.8166
1093	73.5955
1094	73.5057
1095	73.7061
1096	73.5703
1097	73.7754
1098	73.5356
1099	73.7609
1100	73.4217
1101	73.5626
1102	73.6829
1103	73.809
1104	73.5782
1105	73.5729
1106	73.5248
1107	73.7667
1108	73.6579
1109	73.7218
1110	73.4131
1111	73.6113
1112	73.5056
1113	73.4222
1114	73.4932
1115	73.6885
1116	73.7386
1117	73.6278
1118	73.6788
1119	73.7425
1120	73.5965
1121	73.7229
1122	73.843
1123	73.7776
1124	74.0326
1125	74.1458
1126	73.8556
1127	73.7199
1128	73.5691
1129	73.5218
1130	73.4763
1131	73.5492
1132	73.7273
1133	73.7693
1134	74.1687
1135	73.6238
1136	73.5946
1137	73.5548
1138	73.5803
1139	73.5839
1140	73.6043
1141	73.7082
1142	73.6248
1143	73.6052
1144	73.639
1145	73.7066
1146	74.0116
1147	73.973
1148	73.6943
1149	73.5978
1150	73.7422
1151	73.7008
1152	74.0178
1153	74.0063
1154	73.733
1155	73.7031
1156	73.7574
1157	73.9279
1158	74.1578
1159	74.007
1160	73.7811
1161	73.6601
1162	73.5819
1163	73.7038
1164	73.4424
1165	73.9907
1166	73.7876
1167	73.5307
1168	73.625
1169	73.6925
1170	73.6096
1171	73.518
1172	73.665
1173	73.8294
1174	73.8933
1175	73.6295
1176	73.7285
1177	73.7409
1178	73.6055
1179	73.6413
1180	73.6964
1181	73.564
1182	73.7071
1183	73.5328
1184	73.3888
1185	73.3002
1186	73.168
1187	73.3516
1188	73.4225
1189	73.2123
1190	73.3199
1191	73.2628
1192	73.397
1193	73.4237
1194	73.284
1195	73.2289
1196	73.4187
1197	73.3649
1198	73.3903
1199	73.3645
1200	73.1334
1201	73.1955
1202	73.2285
1203	73.0029
1204	73.1571
1205	73.1953
1206	73.2038
1207	73.0548
1208	73.2519
1209	73.2117
1210	73.1216
1211	72.8575
1212	73.1992
1213	73.2354
1214	72.9738
1215	73.0343
1216	73.1831
1217	73.0607
1218	73.023
1219	73.126
1220	72.9438
1221	72.835
1222	72.9514
1223	72.9466
1224	73.2349
1225	73.0899
1226	73.0419
1227	73.4776
1228	73.0597
1229	73.1846
1230	73.2344
1231	73.3338
1232	72.9455
1233	72.8405
1234	72.7893
1235	72.8384
1236	73.0963
1237	73.3807
1238	73.2577
1239	73.3173
1240	73.179
1241	73.0981
1242	73.086
1243	73.3506
1244	73.1832
1245	73.0375
1246	73.2176
1247	72.9309
1248	73.1938
1249	72.9618
1250	73.0888
1251	73.25
1252	73.3507
1253	72.9878
1254	73.0914
1255	73.211
1256	73.0874
1257	73.1685
1258	73.1145
1259	73.1309
1260	72.922
1261	73.3136
1262	72.9728
1263	73.1309
1264	73.3902
1265	73.0663
1266	73.2226
1267	73.2106
1268	73.2465
1269	73.3173
1270	73.1763
1271	73.4672
1272	73.101
1273	73.0405
1274	72.8751
1275	72.9018
1276	73.3062
1277	73.0129
1278	72.9804
1279	72.8801
1280	73.0324
1281	73.1965
1282	72.9788
1283	73.0717
1284	73.1723
1285	73.1492
1286	73.2597
1287	73.1928
1288	73.1538
1289	73.1948
1290	73.1929
1291	73.064
1292	73.1957
1293	73.3891
1294	73.2725
1295	73.3117
1296	73.1739
1297	73.0142
1298	73.075
1299	73.2741
1300	73.1445
1301	73.1287
1302	72.9608
1303	72.8217
1304	73.0975
1305	73.3334
1306	73.1515
1307	73.2538
1308	73.2229
1309	73.3394
1310	73.1029
1311	72.8274
1312	72.9901
1313	72.9519
1314	73.1865
1315	73.3512
1316	73.034
1317	72.9786
1318	73.0177
1319	72.7222
1320	72.7911
1321	72.9997
1322	73.0272
1323	72.9606
1324	73.0913
1325	72.996
1326	72.9332
1327	72.8253
1328	73.1039
1329	73.1784
1330	73.1399
1331	73.1469
1332	73.4033
1333	73.4036
1334	73.2156
1335	73.0991
1336	73.1082
1337	73.0808
1338	72.8073
1339	73.0259
1340	73.1937
1341	73.2634
1342	73.1983
1343	73.296
1344	73.2156
1345	73.2134
1346	73.1634
1347	73.2348
1348	73.4045
1349	73.2887
1350	72.9846
1351	72.9439
1352	72.8831
1353	73.045
1354	73.4377
1355	73.1572
1356	73.1652
1357	73.0675
1358	73.2143
1359	73.1975
1360	73.1721
1361	73.1882
1362	73.0725
1363	73.0651
1364	73.0353
1365	73.0401
1366	72.9317
1367	73.1201
1368	72.9246
1369	73.2223
1370	73.1469
1371	73.2007
1372	73.3875
1373	73.3122
1374	73.4544
1375	72.9314
1376	73.1692
1377	73.3356
1378	73.2084
1379	73.0719
1380	73.177
1381	72.8254
1382	73.0652
1383	72.8785
1384	73.0522
1385	72.8391
1386	72.9736
1387	72.9587
1388	73.0856
1389	73.0831
1390	72.8559
1391	73.155
1392	73.1407
1393	72.9817
1394	73.2965
1395	73.3856
1396	73.286
1397	72.9981
1398	72.9398
1399	72.8278
1400	73.1172
1401	73.0482
1402	73.0066
1403	73.2097
1404	73.0074
1405	73.3837
1406	73.2005
1407	73.1554
1408	73.1669
1409	73.3046
1410	73.2692
1411	73.2564
1412	73.3117
1413	73.2232
1414	72.979
1415	72.9113
1416	72.98
1417	73.1131
1418	73.3647
1419	73.212
1420	73.0223
1421	73.2305
1422	73.5418
1423	73.2038
1424	73.362
1425	73.2582
1426	72.8896
1427	73.0593
1428	73.3424
1429	73.1254
1430	72.9484
1431	73.0839
1432	73.2025
1433	72.9335
1434	72.9523
1435	73.2608
1436	73.1706
1437	73.3687
1438	72.9381
1439	73.0895
1440	72.9791
1441	73.0964
1442	73.0651
1443	73.107
1444	73.0862
1445	72.7695
1446	73.1192
1447	73.0418
1448	73.1158
1449	73.1646
1450	73.1657
1451	73.0524
1452	72.9896
1453	73.151
1454	73.3084
1455	73.4063
1456	73.2572
1457	73.136
1458	72.9785
1459	73.0382
1460	73.1058
1461	73.1512
1462	73.1842
1463	73.0007
1464	73.0479
1465	73.1072
1466	73.0959
1467	73.0042
1468	73.1516
1469	72.9716
1470	73.18
1471	72.964
1472	72.9955
1473	73.4117
1474	73.2216
1475	73.2213
1476	73.0496
1477	72.9315
1478	72.836
1479	72.7887
1480	73.1122
1481	73.1499
1482	72.9268
1483	73.0731
1484	73.3398
1485	73.3112
1486	73.1068
1487	73.268
1488	73.1772
1489	72.798
1490	73.0003
1491	73.2672
1492	72.9796
1493	73.1966
1494	73.0226
1495	73.1952
1496	72.9618
1497	72.8795
1498	72.913
1499	73.0826
1500	72.9534
1501	73.0559
1502	73.087
1503	73.0585
1504	73.0955
1505	73.0728
1506	72.8306
1507	73.0295
1508	73.0825
1509	73.0583
1510	73.1652
1511	73.3942
1512	73.232
1513	73.1584
1514	73.1839
1515	73.1092
1516	73.1785
1517	72.7659
1518	72.998
1519	73.1258
1520	72.8974
1521	73.0421
1522	73.2745
1523	72.9845
1524	73.0471
1525	73.0291
1526	73.0836
1527	72.9151
1528	73.037
1529	72.8523
1530	72.8318
1531	73.1815
1532	73.4277
1533	73.0721
1534	73.4225
1535	72.9142
1536	73.0888
1537	73.013
1538	73.0963
1539	73.3074
1540	73.2484
1541	72.8901
1542	73.1806
1543	73.2146
1544	73.1318
1545	72.8876
1546	72.8957
1547	72.8983
1548	72.9578
1549	73.0417
1550	73.191
1551	73.5078
1552	73.2904
1553	73.2953
1554	73.246
1555	73.3414
1556	73.0563
1557	73.0277
1558	73.0385
1559	73.2594
1560	73.0254
1561	73.3021
1562	73.1973
1563	73.1368
1564	73.1006
1565	73.0527
1566	72.8103
1567	73.2179
1568	73.3107
1569	73.0487
1570	73.1615
1571	73.2238
1572	73.2956
1573	73.2477
1574	72.9525
1575	73.0152
1576	73.1506
1577	73.4707
1578	73.1173
1579	73.0278
1580	73.0262
1581	73.0965
1582	73.141
1583	72.9892
1584	73.168
1585	73.4296
1586	72.9967
1587	73.1531
1588	73.161
1589	73.1053
1590	72.8996
1591	72.9855
1592	72.964
1593	73.2209
1594	73.1987
1595	73.1558
1596	73.366
1597	73.2384
1598	73.4135
1599	73.3523
1600	73.464
1601	73.0779
1602	73.2139
1603	73.0747
1604	72.9119
1605	72.9438
1606	72.9908
1607	73.0335
1608	73.151
1609	73.1069
1610	73.1543
1611	73.2261
1612	73.0194
1613	73.2902
1614	73.2703
1615	73.3542
1616	73.4588
1617	73.1199
1618	73.1605
1619	73.0106
1620	73.2943
1621	73.4922
1622	73.2021
1623	73.2457
1624	73.2689
1625	73.1679
1626	73.0504
1627	73.0268
1628	73.0367
1629	73.0863
1630	73.2739
1631	72.9559
1632	73.0471
1633	73.0769
1634	73.1103
1635	73.1379
1636	73.2499
1637	72.8867
1638	72.9826
1639	73.0103
1640	73.2714
1641	73.1049
1642	73.221
1643	73.1012
1644	73.168
1645	73.2239
1646	73.1618
1647	72.9348
1648	73.0814
1649	73.1721
1650	73.4037
1651	73.3516
1652	73.184
1653	73.3361
1654	73.2947
1655	73.0062
1656	72.988
1657	73.0424
1658	72.9768
1659	72.9929
1660	73.0272
1661	73.0217
1662	73.0903
1663	73.1073
1664	73.0602
1665	73.1091
1666	73.2334
1667	73.008
1668	72.9911
1669	73.0608
1670	73.0986
1671	72.8064
1672	72.9168
1673	72.9932
1674	73.1196
1675	73.3081
1676	73.3096
1677	73.0195
1678	72.9093
1679	73.3157
1680	73.4165
1681	73.1936
1682	73.1901
1683	73.419
1684	73.3075
1685	73.1763
1686	73.003
1687	73.3815
1688	73.2633
1689	73.28
1690	73.3278
1691	72.9685
1692	73.0572
1693	72.9793
1694	72.9272
1695	73.0245
1696	73.127
1697	73.2391
1698	73.0743
1699	73.1111
1700	73.1909
1701	73.1378
1702	73.4875
1703	73.3623
1704	73.4387
1705	73.1622
1706	73.3246
1707	73.5264
1708	73.0849
1709	73.0001
1710	72.9801
1711	72.8776
1712	73.0514
1713	73.0558
1714	73.2958
1715	73.0471
1716	73.0297
1717	73.0606
1718	73.2452
1719	73.1482
1720	73.1142
1721	73.289
1722	73.0369
1723	73.4254
1724	73.0883
1725	73.0821
1726	73.0066
1727	73.0325
1728	73.2613
1729	73.349
1730	73.1891
1731	73.3666
1732	73.2211
1733	73.2293
1734	73.2861
1735	73.0878
1736	72.8921
1737	72.9786
1738	73.0465
1739	73.3931
1740	73.2709
1741	73.0796
1742	73.0854
1743	73.2649
1744	73.1132
1745	73.1999
1746	73.1328
1747	73.1673
1748	73.4616
1749	73.2551
1750	73.1772
1751	73.1204
1752	73.0586
1753	72.9321
1754	73.1507
1755	73.2881
1756	73.2675
1757	73.3101
1758	73.1668
1759	73.0946
1760	73.1767
1761	73.2718
1762	73.0261
1763	73.2253
1764	73.3591
1765	73.2787
1766	73.049
1767	73.2385
1768	73.1086
1769	72.9602
1770	73.0365
1771	73.0915
1772	73.3724
1773	73.0851
1774	73.1483
1775	73.2871
1776	73.1411
1777	72.9882
1778	72.9591
1779	73.0177
1780	73.0207
1781	73.0023
1782	72.9789
1783	72.8097
1784	73.0956
1785	73.4771
1786	73.3149
1787	73.008
1788	73.0933
1789	73.2952
1790	73.1979
1791	73.2151
1792	73.1691
1793	73.1007
1794	73.344
1795	73.1476
1796	73.3268
1797	73.1445
1798	73.0963
1799	73.0868
1800	72.9609
1801	73.1626
1802	73.0823
1803	73.3262
1804	73.4367
1805	73.2906
1806	73.0954
1807	73.0252
1808	73.1177
1809	73.4556
1810	73.2052
1811	73.4675
1812	72.947
1813	73.0116
1814	72.9872
1815	72.9
1816	73.293
1817	73.2162
1818	72.909
1819	73.0157
1820	73.1362
1821	72.9943
1822	72.9854
1823	73.3853
1824	72.9944
1825	73.1589
1826	73.0301
1827	73.268
1828	73.1041
1829	73.1948
1830	73.1375
1831	73.2604
1832	73.3989
1833	73.2928
1834	73.5348
1835	73.456
1836	73.4199
1837	73.3926
1838	73.096
1839	73.4256
1840	73.4102
1841	73.3044
1842	73.102
1843	73.0194
1844	73.284
1845	72.9334
1846	73.1956
1847	73.282
1848	73.1139
1849	73.0601
1850	72.911
1851	72.9493
1852	73.0432
1853	73.0029
1854	73.0714
1855	73.3132
1856	73.3028
1857	73.4063
1858	73.0594
1859	73.2285
1860	73.0691
1861	73.0257
1862	72.987
1863	73.1077
1864	73.1776
1865	73.2999
1866	73.0773
1867	73.2277
1868	73.105
1869	72.7799
1870	73.1975
1871	73.0492
1872	73.1629
1873	73.0529
1874	73.2013
1875	73.0563
1876	73.1214
1877	73.2319
1878	73.1908
1879	73.3014
1880	73.3332
1881	73.1406
1882	73.1254
1883	73.1517
1884	73.2467
1885	73.5246
1886	73.7376
1887	73.3324
1888	73.0778
1889	73.1467
1890	73.351
1891	73.1832
1892	73.2823
1893	73.0987
1894	72.9951
1895	72.9919
1896	72.9969
1897	73.1466
1898	73.2875
1899	72.9145
1900	73.1517
1901	73.1416
1902	72.943
1903	73.0766
1904	73.3506
1905	72.9054
1906	73.1796
1907	73.1511
1908	73.1507
1909	73.2642
1910	73.3487
1911	73.0722
1912	73.3768
1913	73.3957
1914	73.2385
1915	73.3001
1916	73.0388
1917	73.0034
1918	73.2176
1919	73.1844
1920	73.2168
1921	73.4264
1922	73.5558
1923	73.1444
1924	73.1436
1925	73.0033
1926	73.0689
1927	73.1481
1928	73.2598
1929	73.1913
1930	73.3558
1931	73.0769
1932	73.3399
1933	73.2602
1934	73.1476
1935	73.1128
1936	73.3828
1937	73.1791
1938	73.0151
1939	73.081
1940	73.0804
1941	73.1694
1942	73.2383
1943	73.2309
1944	73.1395
1945	73.0721
1946	73.1087
1947	73.3185
1948	73.0207
1949	73.2717
1950	72.912
1951	73.1675
1952	73.0621
1953	73.3555
1954	73.1901
1955	73.0996
1956	73.3064
1957	73.3822
1958	73.2983
1959	73.3158
1960	73.2248
1961	72.6979
1962	72.8994
1963	72.9387
1964	72.8089
1965	72.9301
1966	73.0033
1967	72.9752
1968	72.9227
1969	73.1936
1970	73.0302
1971	73.0047
1972	73.0295
1973	73.0357
1974	73.1205
1975	73.2762
1976	73.1915
1977	73.3117
1978	73.1339
1979	73.1811
1980	73.1684
1981	73.3045
1982	72.9851
1983	72.9124
1984	73.174
1985	73.3058
1986	73.2925
1987	73.2346
1988	73.2336
1989	73.1732
1990	73.1455
1991	73.3546
1992	73.0267
1993	72.7845
1994	73.0206
1995	73.0659
1996	73.7466
1997	73.3775
1998	73.1587
1999	73.0943
2000	73.0837
2001	73.1281
2002	73.1063
2003	73.0439
2004	73.0213
2005	72.9884
2006	73.0826
2007	72.7124
2008	72.9576
2009	73.0599
2010	73.169
2011	73.2901
2012	73.2739
2013	73.1164
2014	72.8865
2015	72.9044
2016	72.9118
2017	72.8013
2018	72.9536
2019	73.0434
2020	73.2747
2021	73.0135
2022	72.8232
2023	73.0062
2024	72.943
2025	72.9771
2026	73.2253
2027	73.1397
2028	73.0513
2029	73.0663
2030	72.9078
2031	73.0077
2032	72.9755
2033	73.0473
2034	73.1562
2035	72.9725
2036	73.1137
2037	73.4266
2038	72.9751
2039	73.0951
2040	73.3074
2041	73.0961
2042	73.1387
2043	73.2281
2044	73.143
2045	73.1749
2046	73.1127
2047	72.8798
2048	72.951
2049	73.0711
2050	73.2371
2051	73.0966
2052	73.1073
2053	73.0875
2054	73.1668
2055	72.9921
2056	72.832
2057	72.9306
2058	72.839
2059	73.0534
2060	73.1559
2061	73.4149
2062	73.1819
2063	73.1399
2064	72.8615
2065	73.1339
2066	73.1125
2067	73.1367
2068	73.0747
2069	72.9894
2070	72.9317
2071	73.156
2072	73.1947
2073	72.8363
2074	72.8429
2075	72.9878
2076	72.7808
2077	73.0845
2078	73.1244
2079	73.3759
2080	73.5413
2081	73.6066
2082	73.1453
2083	73.2411
2084	73.2079
2085	72.9279
2086	73.1798
2087	73.1655
2088	73.3332
2089	72.8745
2090	73.1735
2091	72.9971
2092	73.1145
2093	72.9822
2094	73.0489
2095	73.0288
2096	72.9193
2097	72.955
2098	72.9341
2099	72.848
2100	73.1144
2101	73.2266
2102	73.3031
2103	73.5138
2104	73.1959
2105	73.1928
2106	73.329
2107	73.029
2108	72.849
2109	73.0241
2110	72.9814
2111	73.2689
2112	73.0658
2113	73.1732
2114	73.199
2115	73.2444
2116	73.1738
2117	73.0611
2118	72.8636
2119	73.0966
2120	73.1473
2121	72.9704
2122	72.9479
2123	73.1834
2124	73.1795
2125	73.0619
2126	73.1736
2127	73.5659
2128	73.022
2129	73.041
2130	72.9723
2131	73.0635
2132	73.2707
2133	73.2186
2134	73.0474
2135	73.0645
2136	72.9082
2137	73.1387
2138	73.0398
2139	73.323
2140	73.3916
2141	73.1824
2142	72.931
2143	73.1378
2144	73.0539
2145	72.8263
2146	72.9947
2147	73.2302
2148	72.9481
2149	73.0127
2150	73.0868
2151	73.2334
2152	72.902
2153	73.0899
2154	73.1716
2155	73.3596
2156	73.1525
2157	73.152
2158	73.0789
2159	73.4372
2160	73.2327
2161	73.3115
2162	73.2761
2163	73.0453
2164	73.038
2165	72.8154
2166	72.9581
2167	73.2304
2168	73.2689
2169	73.0671
2170	73.0117
2171	73.1734
2172	72.8713
2173	72.8536
2174	73.1127
2175	72.819
2176	73.0935
2177	72.9871
2178	72.9485
2179	73.0032
2180	72.9897
2181	72.8047
2182	73.017
2183	72.9925
2184	72.9982
2185	73.1274
2186	72.9592
2187	73.1629
2188	72.9693
2189	73.184
2190	72.898
2191	72.8971
2192	73.2355
2193	73.332
2194	73.1136
2195	73.0764
2196	73.2277
2197	73.0399
2198	73.2865
2199	73.2588
2200	72.9751
2201	73.0842
2202	72.9776
2203	72.9586
2204	73.2316
2205	73.1561
2206	73.2058
2207	73.0927
2208	73.2733
2209	72.9992
2210	73.1207
2211	73.1704
2212	73.0122
2213	73.0625
2214	73.0111
2215	73.2941
2216	73.3673
2217	73.1585
2218	73.0994
2219	73.0003
2220	73.126
2221	73.3256
2222	73.4494
2223	73.2813
2224	73.3076
2225	73.0608
2226	73.093
2227	73.1951
2228	73.1244
2229	73.067
2230	73.1842
2231	72.9656
2232	73.038
2233	73.115
2234	73.0875
2235	73.1078
2236	72.9682
2237	73.2657
2238	72.9439
2239	73.1692
2240	73.1439
2241	73.253
2242	73.1752
2243	73.125
2244	73.0647
2245	73.2979
2246	73.4227
2247	73.3519
2248	73.3597
2249	73.2575
2250	73.3405
2251	73.257
2252	73.2933
2253	73.1984
2254	73.0353
2255	72.9317
2256	72.803
2257	73.0536
2258	73.0038
2259	72.9309
2260	73.1647
2261	73.0962
2262	72.9985
2263	72.8935
2264	73.201
2265	73.0075
2266	72.9082
2267	73.0201
2268	73.0736
2269	73.1636
2270	73.1762
2271	73.3122
2272	73.1471
2273	73.0591
2274	73.1037
2275	72.9796
2276	73.1575
2277	73.2847
2278	73.0648
2279	73.1925
2280	72.9176
2281	73.13
2282	72.9631
2283	72.8676
2284	72.8308
2285	72.6956
2286	73.1091
2287	72.8097
2288	72.8156
2289	72.7571
2290	72.9704
2291	72.9966
2292	72.9119
2293	72.7778
2294	73.2084
2295	73.126
2296	73.2906
2297	73.1804
2298	73.0759
2299	73.1751
2300	72.9564
2301	72.9816
2302	72.9908
2303	72.9225
2304	72.8722
2305	72.8857
2306	72.7533
2307	73.211
2308	73.2228
2309	73.1122
2310	72.8718
2311	73.0024
2312	72.8427
2313	73.0788
2314	73.044
2315	73.1618
2316	73.2264
2317	72.9815
2318	73.1757
2319	73.1163
2320	73.0648
2321	73.0131
2322	73.0971
2323	73.1312
2324	72.9451
2325	72.9775
2326	73.1551
2327	73.2945
2328	73.0945
2329	72.8698
2330	73.0397
2331	72.7191
2332	73.126
2333	73.3223
2334	73.3341
2335	72.8503
2336	73.3079
2337	73.5295
2338	73.0975
2339	73.2512
2340	73.0394
2341	73.1488
2342	73.2031
2343	73.2403
2344	72.8853
2345	72.7185
2346	73.329
2347	73.2296
2348	73.0741
2349	73.169
2350	73.0909
2351	73.2
2352	73.0603
2353	73.1326
2354	72.965
2355	73.1261
2356	73.4404
2357	73.2366
2358	73.0867
2359	72.9908
2360	72.951
2361	72.8533
2362	72.9582
2363	72.7588
2364	72.7257
2365	73.1228
2366	73.0177
2367	73.0036
2368	73.1532
2369	73.1582
2370	73.0422
2371	73.1936
2372	72.9169
2373	73.0871
2374	73.3213
2375	73.4285
2376	73.3611
2377	73.0993
2378	73.0517
2379	73.2094
2380	72.9472
2381	73.3992
2382	73.2228
2383	73.1722
2384	73.302
2385	73.0328
2386	73.1596
2387	73.1254
2388	73.0078
2389	72.9159
2390	72.8149
2391	72.9235
2392	73.2547
2393	73.4844
2394	73.2173
2395	72.9772
2396	72.9587
2397	72.8815
2398	72.8328
2399	72.9996
2400	73.013
2401	73.0039
2402	73.2332
2403	73.0897
2404	72.9402
2405	72.9838
2406	73.1276
2407	73.0849
2408	73.1825
2409	73.1545
2410	73.3258
2411	73.1507
2412	73.1953
2413	73.1407
2414	73.0872
2415	72.9693
2416	73.1778
2417	73.0001
2418	73.0531
2419	72.9404
2420	73.0598
2421	72.9695
2422	72.8447
2423	72.9647
2424	73.1958
2425	73.1364
2426	73.1179
2427	72.8443
2428	72.9168
2429	73.077
2430	73.3101
2431	73.2527
2432	73.3753
2433	73.2881
2434	73.3068
2435	72.9375
2436	73.1091
2437	73.0905
2438	73.0815
2439	73.2197
2440	73.1414
2441	72.9832
2442	73.1157
2443	72.9414
2444	72.8793
2445	72.789
2446	73.0506
2447	73.0344
2448	73.1032
2449	73.0646
2450	73.204
2451	73.1079
2452	73.5934
2453	73.2655
2454	72.9895
2455	73.1153
2456	72.9661
2457	73.1071
2458	73.0535
2459	73.2391
2460	72.9338
2461	73.047
2462	72.8958
2463	73.0889
2464	73.3931
2465	72.9584
2466	73.2237
2467	72.9684
2468	73.1285
2469	73.1158
2470	73.1523
2471	73.0094
2472	72.9397
2473	73.2501
2474	72.9883
2475	73.3361
2476	72.8652
2477	73.1185
2478	72.9714
2479	73.1205
2480	72.9958
2481	73.2967
2482	72.8771
2483	73.1771
2484	73.0575
2485	73.1241
2486	73.1343
2487	73.1554
2488	73.0406
2489	73.0069
2490	73.1262
2491	73.2779
2492	73.0141
2493	72.9394
2494	72.9501
2495	72.9983
2496	72.8115
2497	73.1885
2498	72.9257
2499	72.8943
2500	73.0261
