Gen:	L_2
1	391.877
2	378.067
3	361.022
4	350.714
5	335.929
6	329.086
7	321.154
8	312.066
9	307.519
10	296.501
11	290.427
12	285.721
13	267.364
14	264.02
15	256.716
16	252.74
17	247.96
18	242.054
19	235.913
20	229.308
21	224.629
22	220.791
23	217.457
24	213.345
25	207.971
26	198.273
27	193.561
28	186.21
29	183.422
30	180.718
31	177.733
32	175.092
33	173.772
34	168.688
35	166.891
36	162.321
37	160.238
38	158.62
39	157.049
40	154.688
41	153.338
42	150.018
43	148.668
44	146.381
45	143.87
46	140.748
47	138.582
48	137.831
49	137.16
50	135.021
51	133.789
52	132.127
53	130.383
54	130.383
55	128.949
56	127.858
57	126.407
58	124.371
59	123.774
60	122.569
61	121.758
62	121.395
63	120.565
64	119.19
65	118.403
66	118.178
67	116.865
68	115.435
69	114.408
70	113.855
71	113.127
72	112.681
73	112.681
74	111.356
75	110.823
76	110.755
77	109.411
78	108.82
79	108.077
80	107.603
81	106.752
82	106.152
83	105.055
84	104.455
85	103.63
86	102.955
87	102.188
88	101.49
89	100.571
90	99.5781
91	99.4513
92	98.9712
93	98.0584
94	97.8851
95	97.1189
96	97.1189
97	96.6371
98	96.2648
99	95.9056
100	95.7973
101	95.39
102	94.9432
103	94.4158
104	94.4158
105	93.7398
106	93.4919
107	92.9216
108	92.4848
109	92.2493
110	92.0177
111	91.759
112	91.3885
113	91.1298
114	90.6227
115	90.5653
116	90.3088
117	89.9479
118	89.634
119	89.4942
120	89.4942
121	89.3391
122	88.8143
123	88.3996
124	88.1048
125	86.8204
126	86.8204
127	86.8146
128	86.8146
129	86.8146
130	86.5297
131	86.5297
132	86.0568
133	86.0568
134	85.4074
135	85.4074
136	85.4074
137	85.3285
138	85.2613
139	85.0495
140	84.8049
141	84.8049
142	84.659
143	83.8568
144	83.4662
145	83.2769
146	83.2769
147	83.0013
148	83.0013
149	82.6876
150	82.6774
151	82.6774
152	82.6774
153	82.6774
154	82.2976
155	82.0321
156	82.0321
157	82.0321
158	81.9434
159	81.9434
160	81.9434
161	81.882
162	81.616
163	81.558
164	81.551
165	81.2898
166	80.6905
167	80.4224
168	80.4224
169	79.887
170	79.887
171	79.6598
172	79.5787
173	79.4748
174	79.3937
175	79.3937
176	79.2429
177	79.1618
178	79.0134
179	79.0134
180	79.0134
181	79.0134
182	79.0134
183	79.0134
184	79.0087
185	78.8473
186	78.8473
187	78.236
188	78.0698
189	78.0698
190	78.0366
191	78.0366
192	77.4939
193	77.4939
194	77.3626
195	77.2162
196	77.2162
197	77.2162
198	77.2162
199	77.2162
200	77.2162
201	77.2162
202	77.1961
203	77.0849
204	77.0647
205	77.0647
206	77.0647
207	77.0647
208	77.0647
209	77.0647
210	76.5218
211	76.5218
212	76.5218
213	76.5218
214	76.5218
215	76.5218
216	76.5218
217	76.5218
218	76.5218
219	76.5218
220	76.5218
221	76.5218
222	76.5218
223	76.3062
224	76.288
225	76.288
226	76.288
227	76.288
228	76.288
229	76.094
230	76.094
231	76.0242
232	75.6498
233	75.6498
234	75.6498
235	75.6498
236	75.6498
237	75.6498
238	75.6498
239	75.6498
240	75.6498
241	75.6498
242	75.6498
243	75.6498
244	75.6498
245	75.4445
246	75.4445
247	75.4445
248	75.4445
249	75.4445
250	75.4445
251	75.4445
252	75.4445
253	75.4445
254	75.4445
255	75.4445
256	75.4445
257	75.4445
258	75.4445
259	75.3495
260	75.3495
261	75.3495
262	75.3495
263	75.3495
264	75.3495
265	75.3495
266	75.3495
267	75.3495
268	75.3495
269	75.3495
270	75.3495
271	75.3495
272	75.3495
273	75.3495
274	75.3495
275	75.3495
276	75.3495
277	75.3495
278	75.3495
279	75.3495
280	75.3495
281	75.3495
282	75.3495
283	75.3495
284	75.3495
285	75.3495
286	75.3495
287	75.3495
288	75.3495
289	75.3495
290	75.3495
291	75.3495
292	75.3495
293	75.3495
294	75.3495
295	75.3495
296	75.3495
297	75.3495
298	75.3495
299	75.3495
300	75.3495
301	75.3495
302	75.3495
303	75.3495
304	75.3495
305	75.3495
306	75.3495
307	75.3495
308	75.3495
309	75.3495
310	75.3495
311	75.3495
312	75.3495
313	75.3495
314	75.3495
315	75.3495
316	75.3495
317	75.3495
318	75.3495
319	75.3495
320	75.3431
321	75.3431
322	75.3431
323	75.3431
324	75.3431
325	75.3431
326	75.3431
327	75.3431
328	75.3431
329	75.3431
330	75.3431
331	75.3431
332	75.3431
333	75.1672
334	75.1672
335	75.1672
336	75.1672
337	75.1672
338	75.1672
339	75.1672
340	75.1672
341	75.1672
342	75.1672
343	75.1672
344	75.1672
345	75.1672
346	75.1672
347	75.1672
348	75.1672
349	75.1672
350	75.1672
351	75.1672
352	75.1672
353	75.1672
354	75.1672
355	75.0844
356	75.0791
357	75.0791
358	75.0791
359	75.0791
360	75.0791
361	75.0791
362	75.0791
363	75.0791
364	75.0791
365	75.0791
366	75.0791
367	75.0791
368	75.0791
369	75.0791
370	75.0791
371	75.0791
372	75.0791
373	75.0791
374	75.0791
375	75.0791
376	75.0791
377	75.0791
378	75.0791
379	75.0791
380	75.0791
381	75.0791
382	75.0791
383	75.0791
384	75.0791
385	75.0791
386	75.0791
387	75.0791
388	75.0791
389	75.0791
390	75.0791
391	75.0791
392	75.0791
393	75.0791
394	75.0791
395	75.0791
396	75.0791
397	75.0791
398	75.0791
399	75.0791
400	74.8603
401	74.8603
402	74.8603
403	74.8603
404	74.8603
405	74.8603
406	74.8603
407	74.8603
408	74.8603
409	74.8603
410	74.8603
411	74.8603
412	74.8603
413	74.8603
414	74.8172
415	74.1071
416	74.1071
417	74.1071
418	74.1071
419	74.1071
420	74.1071
421	74.1071
422	74.1071
423	74.1071
424	74.1071
425	74.1071
426	74.1071
427	74.1071
428	74.1071
429	74.1071
430	74.1071
431	74.1071
432	74.1071
433	74.1071
434	74.1071
435	74.1071
436	74.1071
437	74.1071
438	74.1071
439	74.1071
440	74.1071
441	74.1071
442	74.1071
443	74.1071
444	74.1071
445	74.1071
446	74.1071
447	74.1071
448	74.1071
449	74.1071
450	74.1071
451	74.1071
452	74.1071
453	74.1071
454	74.1071
455	74.1071
456	74.1071
457	74.1071
458	74.1071
459	74.1071
460	74.1071
461	74.1071
462	74.1071
463	74.1071
464	74.1071
465	74.1071
466	74.1071
467	74.1071
468	74.1071
469	74.1071
470	74.1071
471	74.1071
472	74.1071
473	74.1071
474	74.1071
475	74.1071
476	74.1071
477	74.1071
478	74.1071
479	74.1071
480	74.1071
481	74.1071
482	74.1071
483	74.1071
484	74.1071
485	74.1071
486	74.1071
487	74.1071
488	74.1071
489	74.1071
490	74.1071
491	74.1071
492	74.1071
493	74.1071
494	74.1071
495	74.1071
496	74.1071
497	74.1071
498	74.1071
499	74.1071
500	74.1071
501	74.1071
502	74.1071
503	74.1071
504	74.1071
505	74.1071
506	74.1071
507	74.1071
508	74.1071
509	74.1071
510	74.1071
511	74.1071
512	74.1071
513	74.1071
514	74.1071
515	74.1071
516	74.1071
517	74.1071
518	74.1071
519	74.1071
520	74.1071
521	74.1071
522	74.1071
523	74.1071
524	74.1071
525	74.1071
526	74.1071
527	74.1071
528	74.1071
529	74.1071
530	74.1071
531	74.1071
532	74.1071
533	74.1071
534	74.1071
535	74.1071
536	74.1071
537	74.1071
538	74.1071
539	74.1071
540	74.1071
541	74.1071
542	74.1071
543	74.1071
544	74.1071
545	74.1071
546	74.1071
547	74.1071
548	74.1071
549	74.1071
550	74.1071
551	74.1071
552	74.1071
553	74.1071
554	74.1071
555	73.5657
556	73.5657
557	73.5657
558	73.5545
559	73.5545
560	73.5545
561	73.5545
562	73.5545
563	73.5545
564	73.5545
565	73.5545
566	73.5545
567	73.5545
568	73.5545
569	73.2353
570	73.2353
571	73.2353
572	73.2353
573	73.2353
574	73.2353
575	73.2353
576	73.2353
577	73.2353
578	73.2353
579	73.2353
580	73.2353
581	73.2353
582	73.2353
583	73.2353
584	73.2353
585	73.2353
586	73.2353
587	73.2353
588	73.2353
589	73.2353
590	73.2353
591	73.2353
592	73.2353
593	73.2353
594	73.2353
595	73.2353
596	73.2353
597	73.2353
598	73.2353
599	73.2353
600	73.2353
601	73.0896
602	73.0896
603	73.0896
604	73.0896
605	73.0896
606	73.0896
607	73.0896
608	73.0896
609	73.0896
610	73.0896
611	73.0896
612	73.0896
613	73.0896
614	73.0896
615	73.0896
616	73.0896
617	73.0896
618	73.0896
619	73.0896
620	73.0896
621	73.0896
622	73.0896
623	73.0896
624	73.0896
625	73.0896
626	73.0896
627	73.0896
628	73.0896
629	73.0896
630	73.0896
631	73.0896
632	73.0896
633	73.0896
634	73.0896
635	73.0896
636	73.0896
637	73.0896
638	73.0896
639	73.0896
640	73.0896
641	73.0896
642	73.0896
643	73.0896
644	73.0896
645	73.0896
646	73.0896
647	73.0896
648	73.0896
649	73.0896
650	73.0896
651	73.0896
652	73.0896
653	73.0896
654	73.0896
655	73.0896
656	73.0896
657	73.0896
658	73.0896
659	73.0896
660	73.0896
661	73.0896
662	73.0896
663	73.0896
664	73.0896
665	73.0896
666	73.0896
667	73.0896
668	73.0896
669	73.0896
670	73.0896
671	73.0896
672	73.0896
673	73.0896
674	73.0896
675	73.0896
676	73.0896
677	73.0896
678	73.0896
679	73.0896
680	73.0896
681	73.0896
682	73.0195
683	73.0195
684	73.0195
685	73.0195
686	73.0195
687	73.0195
688	73.0195
689	73.0195
690	73.0195
691	73.0195
692	73.0195
693	73.0195
694	73.0195
695	73.0195
696	73.0195
697	73.0195
698	73.0195
699	73.0195
700	73.0195
701	73.0195
702	73.0195
703	73.0195
704	73.0195
705	73.0195
706	73.0195
707	73.0195
708	73.0195
709	73.0195
710	73.0195
711	73.0195
712	73.0195
713	73.0195
714	73.0195
715	73.0195
716	73.0195
717	73.0195
718	73.0195
719	73.0195
720	73.0195
721	73.0195
722	73.0195
723	73.0195
724	73.0195
725	73.0195
726	73.0195
727	73.0195
728	73.0195
729	73.0195
730	73.0195
731	73.0195
732	73.0195
733	73.0195
734	73.0195
735	73.0195
736	73.0195
737	73.0195
738	73.0195
739	73.0195
740	73.0195
741	73.0195
742	73.0195
743	73.0195
744	73.0195
745	73.0195
746	73.0195
747	73.0195
748	73.0195
749	73.0195
750	73.0195
751	73.0195
752	73.0195
753	73.0195
754	73.0195
755	73.0195
756	73.0195
757	73.0195
758	73.0195
759	73.0195
760	73.0195
761	73.0195
762	73.0195
763	73.0195
764	73.0195
765	73.0195
766	73.0195
767	73.0195
768	73.0195
769	73.0195
770	73.0195
771	73.0195
772	73.0195
773	73.0195
774	73.0195
775	73.0195
776	73.0195
777	73.0195
778	73.0195
779	73.0195
780	73.0195
781	73.0195
782	73.0195
783	73.0195
784	73.0195
785	73.0195
786	73.0195
787	73.0195
788	73.0195
789	73.0195
790	73.0195
791	73.0195
792	73.0195
793	73.0195
794	73.0195
795	73.0195
796	73.0195
797	73.0195
798	73.0195
799	73.0195
800	73.0195
801	73.0195
802	73.0195
803	73.0195
804	73.0195
805	73.0195
806	73.0195
807	73.0195
808	73.0195
809	73.0195
810	73.0195
811	73.0195
812	73.0195
813	73.0195
814	73.0195
815	73.0195
816	73.0195
817	73.0195
818	73.0195
819	73.0195
820	73.0195
821	73.0195
822	73.0195
823	73.0195
824	73.0195
825	73.0195
826	73.0195
827	73.0195
828	73.0195
829	73.0195
830	73.0195
831	73.0195
832	73.0195
833	73.0195
834	73.0195
835	73.0195
836	73.0195
837	73.0195
838	73.0195
839	73.0195
840	73.0195
841	73.0195
842	73.0195
843	73.0195
844	73.0195
845	73.0195
846	73.0195
847	73.0195
848	73.0195
849	73.0195
850	73.0195
851	73.0195
852	73.0195
853	73.0195
854	73.0195
855	73.0195
856	73.0195
857	73.0195
858	73.0195
859	73.0195
860	73.0195
861	73.0195
862	73.0195
863	73.0195
864	73.0195
865	73.0195
866	73.0195
867	73.0195
868	73.0195
869	73.0195
870	73.0195
871	73.0195
872	73.0195
873	73.0195
874	73.0195
875	73.0195
876	73.0195
877	73.0195
878	73.0195
879	73.0195
880	73.0195
881	73.0195
882	73.0195
883	73.0195
884	73.0195
885	73.0195
886	73.0195
887	73.0195
888	73.0195
889	73.0195
890	73.0195
891	73.0195
892	73.0195
893	73.0195
894	73.0195
895	73.0195
896	73.0195
897	72.9791
898	72.9791
899	72.9791
900	72.9791
901	72.9791
902	72.9791
903	72.9791
904	72.9791
905	72.9791
906	72.9791
907	72.9791
908	72.9791
909	72.9791
910	72.9791
911	72.9791
912	72.9791
913	72.9791
914	72.9791
915	72.9791
916	72.9791
917	72.9791
918	72.9791
919	72.9791
920	72.9791
921	72.9791
922	72.9791
923	72.9791
924	72.9791
925	72.9791
926	72.9791
927	72.9791
928	72.9791
929	72.9791
930	72.9791
931	72.9791
932	72.9791
933	72.9791
934	72.9791
935	72.9791
936	72.9791
937	72.9791
938	72.9791
939	72.9791
940	72.9791
941	72.9791
942	72.9791
943	72.9791
944	72.9791
945	72.9791
946	72.9791
947	72.9791
948	72.9791
949	72.9791
950	72.9791
951	72.9791
952	72.9791
953	72.9791
954	72.9791
955	72.9791
956	72.9791
957	72.9791
958	72.9791
959	72.9791
960	72.9791
961	72.9791
962	72.9791
963	72.9791
964	72.9791
965	72.9791
966	72.9791
967	72.9791
968	72.9791
969	72.9791
970	72.9791
971	72.9791
972	72.9791
973	72.9791
974	72.9791
975	72.9791
976	72.9791
977	72.9791
978	72.9791
979	72.9791
980	72.9791
981	72.9791
982	72.9791
983	72.9791
984	72.9791
985	72.9791
986	72.9791
987	72.9791
988	72.9791
989	72.9791
990	72.9791
991	72.9791
992	72.9791
993	72.9791
994	72.9791
995	72.9791
996	72.9791
997	72.9791
998	72.9791
999	72.9791
1000	72.9791
1001	72.9791
1002	72.9791
1003	72.9791
1004	72.9791
1005	72.9791
1006	72.9791
1007	72.9791
1008	72.9791
1009	72.9791
1010	72.9791
1011	72.9791
1012	72.9791
1013	72.9791
1014	72.9791
1015	72.9791
1016	72.9791
1017	72.9791
1018	72.9791
1019	72.9791
1020	72.9791
1021	72.9791
1022	72.9791
1023	72.9791
1024	72.9791
1025	72.9791
1026	72.9791
1027	72.9791
1028	72.9791
1029	72.9791
1030	72.9791
1031	72.9791
1032	72.9791
1033	72.9791
1034	72.9791
1035	72.9791
1036	72.9791
1037	72.9791
1038	72.9791
1039	72.9791
1040	72.9791
1041	72.9791
1042	72.9791
1043	72.9791
1044	72.9791
1045	72.9791
1046	72.9791
1047	72.9791
1048	72.9791
1049	72.9791
1050	72.9791
1051	72.9791
1052	72.9791
1053	72.9791
1054	72.9791
1055	72.9791
1056	72.9791
1057	72.9791
1058	72.9791
1059	72.9791
1060	72.9791
1061	72.9791
1062	72.9791
1063	72.9791
1064	72.9791
1065	72.9791
1066	72.9791
1067	72.9791
1068	72.9791
1069	72.9791
1070	72.9791
1071	72.9791
1072	72.9791
1073	72.9791
1074	72.9791
1075	72.9791
1076	72.9791
1077	72.9791
1078	72.9791
1079	72.9791
1080	72.9791
1081	72.9791
1082	72.9791
1083	72.9791
1084	72.9791
1085	72.9791
1086	72.9791
1087	72.9791
1088	72.9791
1089	72.9791
1090	72.9791
1091	72.9791
1092	72.9791
1093	72.9791
1094	72.9791
1095	72.9791
1096	72.9791
1097	72.9791
1098	72.9791
1099	72.9791
1100	72.9791
1101	72.9791
1102	72.9791
1103	72.9791
1104	72.9791
1105	72.9791
1106	72.9791
1107	72.9791
1108	72.9791
1109	72.9791
1110	72.9791
1111	72.9791
1112	72.9791
1113	72.9791
1114	72.9791
1115	72.9791
1116	72.9791
1117	72.9791
1118	72.9791
1119	72.9791
1120	72.9791
1121	72.9791
1122	72.9791
1123	72.9791
1124	72.9791
1125	72.9791
1126	72.9791
1127	72.9791
1128	72.9791
1129	72.9791
1130	72.9791
1131	72.9791
1132	72.9791
1133	72.9791
1134	72.9791
1135	72.9791
1136	72.9791
1137	72.9791
1138	72.9791
1139	72.9791
1140	72.9791
1141	72.9791
1142	72.9791
1143	72.9791
1144	72.9791
1145	72.9791
1146	72.9791
1147	72.9791
1148	72.9791
1149	72.9791
1150	72.9791
1151	72.9791
1152	72.9791
1153	72.9791
1154	72.9791
1155	72.9791
1156	72.9791
1157	72.9791
1158	72.9791
1159	72.9791
1160	72.9791
1161	72.9791
1162	72.9791
1163	72.9791
1164	72.9791
1165	72.9791
1166	72.9791
1167	72.9791
1168	72.9791
1169	72.9791
1170	72.9791
1171	72.9791
1172	72.9791
1173	72.9791
1174	72.9791
1175	72.9791
1176	72.9791
1177	72.9791
1178	72.9791
1179	72.9791
1180	72.9791
1181	72.841
1182	72.6453
1183	72.6453
1184	72.6453
1185	72.6453
1186	72.6453
1187	72.6453
1188	72.6453
1189	72.6453
1190	72.6453
1191	72.6453
1192	72.6453
1193	72.4298
1194	72.4298
1195	72.4298
1196	72.4298
1197	72.4298
1198	72.4298
1199	72.4298
1200	72.4298
1201	72.4298
1202	72.4298
1203	72.4298
1204	72.4298
1205	72.4298
1206	72.4298
1207	72.4298
1208	72.4298
1209	72.4298
1210	72.4298
1211	72.4298
1212	72.4298
1213	72.4298
1214	72.4298
1215	72.4298
1216	72.4298
1217	72.4298
1218	72.4298
1219	72.4298
1220	72.4298
1221	72.4298
1222	72.4298
1223	72.4298
1224	72.4298
1225	72.4298
1226	72.4298
1227	72.4298
1228	72.4298
1229	72.4298
1230	72.4298
1231	72.4298
1232	72.4298
1233	72.4298
1234	72.4298
1235	72.4298
1236	72.4298
1237	72.4298
1238	72.4298
1239	72.4298
1240	72.4298
1241	72.4298
1242	72.4298
1243	72.4298
1244	72.4298
1245	72.4298
1246	72.4298
1247	72.4298
1248	72.4298
1249	72.4298
1250	72.4298
1251	72.4298
1252	72.4298
1253	72.4298
1254	72.4298
1255	72.4298
1256	72.4298
1257	72.4298
1258	72.4298
1259	72.4298
1260	72.4298
1261	72.4298
1262	72.4298
1263	72.4298
1264	72.4298
1265	72.4298
1266	72.4298
1267	72.4298
1268	72.4298
1269	72.4298
1270	72.4298
1271	72.4298
1272	72.4298
1273	72.4298
1274	72.4298
1275	72.4298
1276	72.4298
1277	72.4298
1278	72.4298
1279	72.4298
1280	72.4298
1281	72.4298
1282	72.4298
1283	72.4298
1284	72.4298
1285	72.4298
1286	72.4298
1287	72.4298
1288	72.4298
1289	72.4298
1290	72.4298
1291	72.4298
1292	72.4298
1293	72.4298
1294	72.4298
1295	72.4298
1296	72.4298
1297	72.4298
1298	72.4298
1299	72.4298
1300	72.4298
1301	72.4298
1302	72.4298
1303	72.4298
1304	72.4298
1305	72.4298
1306	72.4298
1307	72.4298
1308	72.4298
1309	72.4298
1310	72.4298
1311	72.4298
1312	72.4298
1313	72.4298
1314	72.4298
1315	72.4298
1316	72.4298
1317	72.4298
1318	72.4298
1319	72.4298
1320	72.4298
1321	72.4298
1322	72.4298
1323	72.4298
1324	72.4298
1325	72.4298
1326	72.4298
1327	72.4298
1328	72.4298
1329	72.4298
1330	72.4298
1331	72.4298
1332	72.4298
1333	72.4298
1334	72.4298
1335	72.4298
1336	72.4298
1337	72.4298
1338	72.4298
1339	72.4298
1340	72.4298
1341	72.4298
1342	72.4298
1343	72.4298
1344	72.4298
1345	72.4298
1346	72.4298
1347	72.4298
1348	72.4298
1349	72.4298
1350	72.4298
1351	72.4298
1352	72.4298
1353	72.4298
1354	72.4298
1355	72.4298
1356	72.4298
1357	72.4298
1358	72.4298
1359	72.4298
1360	72.4298
1361	72.4298
1362	72.4298
1363	72.4298
1364	72.4298
1365	72.4298
1366	72.4298
1367	72.4298
1368	72.4298
1369	72.4298
1370	72.4298
1371	72.4298
1372	72.4298
1373	72.4298
1374	72.4298
1375	72.4298
1376	72.4298
1377	72.4298
1378	72.4298
1379	72.4298
1380	72.4298
1381	72.4298
1382	72.4298
1383	72.4298
1384	72.4298
1385	72.4298
1386	72.4298
1387	72.4298
1388	72.4298
1389	72.4298
1390	72.4298
1391	72.4298
1392	72.4298
1393	72.4298
1394	72.4298
1395	72.4298
1396	72.4298
1397	72.4298
1398	72.4298
1399	72.4298
1400	72.4298
1401	72.4298
1402	72.4298
1403	72.4298
1404	72.4298
1405	72.4298
1406	72.4298
1407	72.4298
1408	72.4298
1409	72.4298
1410	72.4298
1411	72.4298
1412	72.4298
1413	72.4298
1414	72.4298
1415	72.4298
1416	72.4298
1417	72.4298
1418	72.4298
1419	72.4298
1420	72.4298
1421	72.4298
1422	72.4298
1423	72.4298
1424	72.4298
1425	72.4298
1426	72.4298
1427	72.4298
1428	72.4298
1429	72.4298
1430	72.4298
1431	72.4298
1432	72.4298
1433	72.4298
1434	72.4298
1435	72.4298
1436	72.4298
1437	72.4298
1438	72.4298
1439	72.4298
1440	72.4298
1441	72.4298
1442	72.4298
1443	72.4298
1444	72.4298
1445	72.4298
1446	72.4298
1447	72.4298
1448	72.4298
1449	72.4298
1450	72.4298
1451	72.4298
1452	72.4298
1453	72.4298
1454	72.4298
1455	72.4298
1456	72.4298
1457	72.4298
1458	72.4298
1459	72.4298
1460	72.4298
1461	72.4298
1462	72.4298
1463	72.4298
1464	72.4298
1465	72.4298
1466	72.4298
1467	72.4298
1468	72.4298
1469	72.4298
1470	72.4298
1471	72.4298
1472	72.4298
1473	72.4298
1474	72.4298
1475	72.4298
1476	72.4298
1477	72.4298
1478	72.4298
1479	72.4298
1480	72.4298
1481	72.4298
1482	72.4298
1483	72.4298
1484	72.4298
1485	72.4298
1486	72.4298
1487	72.4298
1488	72.4298
1489	72.4298
1490	72.4298
1491	72.4298
1492	72.4298
1493	72.4298
1494	72.4298
1495	72.4298
1496	72.4298
1497	72.4298
1498	72.4298
1499	72.4298
1500	72.4298
1501	72.4298
1502	72.4298
1503	72.4298
1504	72.4298
1505	72.4298
1506	72.4298
1507	72.4298
1508	72.4298
1509	72.4298
1510	72.4298
1511	72.4298
1512	72.4298
1513	72.4298
1514	72.4298
1515	72.4298
1516	72.4298
1517	72.4298
1518	72.4298
1519	72.4298
1520	72.4298
1521	72.4298
1522	72.4298
1523	72.4298
1524	72.4298
1525	72.4298
1526	72.4298
1527	72.4298
1528	72.4298
1529	72.4298
1530	72.4298
1531	72.4298
1532	72.4298
1533	72.4298
1534	72.4298
1535	72.4298
1536	72.4298
1537	72.4298
1538	72.4298
1539	72.4298
1540	72.4298
1541	72.4298
1542	72.4298
1543	72.4298
1544	72.4298
1545	72.4298
1546	72.4298
1547	72.4298
1548	72.4298
1549	72.4298
1550	72.4298
1551	72.4298
1552	72.4298
1553	72.4298
1554	72.4298
1555	72.4298
1556	72.4298
1557	72.4298
1558	72.4298
1559	72.4298
1560	72.4298
1561	72.4298
1562	72.4298
1563	72.4298
1564	72.4298
1565	72.4298
1566	72.4298
1567	72.4298
1568	72.4298
1569	72.4298
1570	72.4298
1571	72.4298
1572	72.4298
1573	72.4298
1574	72.4298
1575	72.4298
1576	72.4298
1577	72.4298
1578	72.4298
1579	72.4298
1580	72.4298
1581	72.4298
1582	72.4298
1583	72.4298
1584	72.4298
1585	72.4298
1586	72.4298
1587	72.4298
1588	72.4298
1589	72.4298
1590	72.4298
1591	72.4298
1592	72.4298
1593	72.4298
1594	72.4298
1595	72.4298
1596	72.4298
1597	72.4298
1598	72.4298
1599	72.4298
1600	72.4298
1601	72.4298
1602	72.4298
1603	72.4298
1604	72.4298
1605	72.4298
1606	72.4298
1607	72.4298
1608	72.4298
1609	72.4298
1610	72.4298
1611	72.4298
1612	72.4298
1613	72.4298
1614	72.4298
1615	72.4298
1616	72.4298
1617	72.4298
1618	72.4298
1619	72.4298
1620	72.4298
1621	72.4298
1622	72.4298
1623	72.4298
1624	72.4298
1625	72.4298
1626	72.4298
1627	72.4298
1628	72.4298
1629	72.4298
1630	72.4298
1631	72.4298
1632	72.4298
1633	72.4298
1634	72.4298
1635	72.4298
1636	72.4298
1637	72.4298
1638	72.4298
1639	72.4298
1640	72.4298
1641	72.4298
1642	72.4298
1643	72.4298
1644	72.4298
1645	72.4298
1646	72.4298
1647	72.4298
1648	72.4298
1649	72.4298
1650	72.4298
1651	72.4298
1652	72.4298
1653	72.4298
1654	72.4298
1655	72.4298
1656	72.4298
1657	72.4298
1658	72.4298
1659	72.4298
1660	72.4298
1661	72.4298
1662	72.4298
1663	72.4298
1664	72.4298
1665	72.4298
1666	72.4298
1667	72.4298
1668	72.4298
1669	72.4298
1670	72.4298
1671	72.4298
1672	72.4298
1673	72.4298
1674	72.4298
1675	72.4298
1676	72.4298
1677	72.4298
1678	72.4298
1679	72.4298
1680	72.4298
1681	72.4298
1682	72.4298
1683	72.4298
1684	72.4298
1685	72.4298
1686	72.4298
1687	72.4298
1688	72.4298
1689	72.4298
1690	72.4298
1691	72.4298
1692	72.4298
1693	72.4298
1694	72.4298
1695	72.4298
1696	72.4298
1697	72.4298
1698	72.4298
1699	72.4298
1700	72.4298
1701	72.4298
1702	72.4298
1703	72.4298
1704	72.4298
1705	72.4298
1706	72.4298
1707	72.4298
1708	72.4298
1709	72.4298
1710	72.4298
1711	72.4298
1712	72.4298
1713	72.4298
1714	72.4298
1715	72.4298
1716	72.4298
1717	72.4298
1718	72.4298
1719	72.4298
1720	72.4298
1721	72.4298
1722	72.4298
1723	72.4298
1724	72.4298
1725	72.4298
1726	72.4298
1727	72.4298
1728	72.4298
1729	72.4298
1730	72.4298
1731	72.4298
1732	72.4298
1733	72.4298
1734	72.4298
1735	72.4298
1736	72.4298
1737	72.4298
1738	72.4298
1739	72.4298
1740	72.4298
1741	72.4298
1742	72.4298
1743	72.4298
1744	72.4298
1745	72.4298
1746	72.4298
1747	72.4298
1748	72.4298
1749	72.4298
1750	72.4298
1751	72.4298
1752	72.4298
1753	72.4298
1754	72.4298
1755	72.4298
1756	72.4298
1757	72.4298
1758	72.4298
1759	72.4298
1760	72.4298
1761	72.4298
1762	72.4298
1763	72.4298
1764	72.4298
1765	72.4298
1766	72.4298
1767	72.4298
1768	72.4298
1769	72.4298
1770	72.4298
1771	72.4298
1772	72.4298
1773	72.4298
1774	72.4298
1775	72.4298
1776	72.4298
1777	72.4298
1778	72.4298
1779	72.4298
1780	72.4298
1781	72.4298
1782	72.4298
1783	72.4298
1784	72.4298
1785	72.4298
1786	72.4298
1787	72.4298
1788	72.4298
1789	72.4298
1790	72.4298
1791	72.4298
1792	72.4298
1793	72.4298
1794	72.4298
1795	72.4298
1796	72.4298
1797	72.4298
1798	72.4298
1799	72.4298
1800	72.4298
1801	72.4298
1802	72.4298
1803	72.4298
1804	72.4298
1805	72.4298
1806	72.4298
1807	72.4298
1808	72.4298
1809	72.4298
1810	72.4298
1811	72.4298
1812	72.4298
1813	72.4298
1814	72.4298
1815	72.4298
1816	72.4298
1817	72.4298
1818	72.4298
1819	72.4298
1820	72.4298
1821	72.4298
1822	72.4298
1823	72.4298
1824	72.4298
1825	72.4298
1826	72.4298
1827	72.4298
1828	72.4298
1829	72.4298
1830	72.4298
1831	72.4298
1832	72.4298
1833	72.4298
1834	72.4298
1835	72.4298
1836	72.4298
1837	72.4298
1838	72.4298
1839	72.4298
1840	72.4298
1841	72.4298
1842	72.4298
1843	72.4298
1844	72.4298
1845	72.4298
1846	72.4298
1847	72.4298
1848	72.4298
1849	72.4298
1850	72.4298
1851	72.4298
1852	72.4298
1853	72.4298
1854	72.4298
1855	72.4298
1856	72.4298
1857	72.4298
1858	72.4298
1859	72.4298
1860	72.4298
1861	72.4298
1862	72.4298
1863	72.4298
1864	72.4298
1865	72.4298
1866	72.4298
1867	72.4298
1868	72.4298
1869	72.4298
1870	72.4298
1871	72.4298
1872	72.4298
1873	72.4298
1874	72.4298
1875	72.4298
1876	72.4298
1877	72.4298
1878	72.4298
1879	72.4298
1880	72.4298
1881	72.4298
1882	72.4298
1883	72.4298
1884	72.4298
1885	72.4298
1886	72.4298
1887	72.4298
1888	72.4298
1889	72.4298
1890	72.4298
1891	72.4298
1892	72.4298
1893	72.4298
1894	72.4298
1895	72.4298
1896	72.4298
1897	72.4298
1898	72.4298
1899	72.4298
1900	72.4298
1901	72.4298
1902	72.4298
1903	72.4298
1904	72.4298
1905	72.4298
1906	72.4298
1907	72.4298
1908	72.4298
1909	72.4298
1910	72.4298
1911	72.4298
1912	72.4298
1913	72.4298
1914	72.4298
1915	72.4298
1916	72.4298
1917	72.4298
1918	72.4298
1919	72.4298
1920	72.4298
1921	72.4298
1922	72.4298
1923	72.4298
1924	72.4298
1925	72.4298
1926	72.4298
1927	72.4298
1928	72.4298
1929	72.4298
1930	72.4298
1931	72.4298
1932	72.4298
1933	72.4298
1934	72.4298
1935	72.4298
1936	72.4298
1937	72.4298
1938	72.4298
1939	72.4298
1940	72.4298
1941	72.4298
1942	72.4298
1943	72.4298
1944	72.4298
1945	72.4298
1946	72.4298
1947	72.4298
1948	72.4298
1949	72.4298
1950	72.4298
1951	72.4298
1952	72.4298
1953	72.4298
1954	72.4298
1955	72.4298
1956	72.3866
1957	72.3866
1958	72.3866
1959	72.3866
1960	72.3866
1961	72.3866
1962	72.3866
1963	72.3866
1964	72.3866
1965	72.3866
1966	72.3866
1967	72.3866
1968	72.3866
1969	72.3866
1970	72.3866
1971	72.3866
1972	72.3866
1973	72.3866
1974	72.3866
1975	72.3866
1976	72.3866
1977	72.3866
1978	72.3866
1979	72.3866
1980	72.3866
1981	72.3866
1982	72.3866
1983	72.3866
1984	72.3866
1985	72.3866
1986	72.3866
1987	72.3866
1988	72.3866
1989	72.3866
1990	72.3866
1991	72.3866
1992	72.3866
1993	72.3866
1994	72.3866
1995	72.3866
1996	72.3866
1997	72.3866
1998	72.3866
1999	72.3866
2000	72.3866
2001	72.3866
2002	72.3866
2003	72.3866
2004	72.3866
2005	72.3866
2006	72.3866
2007	72.3866
2008	72.3866
2009	72.3866
2010	72.3866
2011	72.3866
2012	72.3866
2013	72.3866
2014	72.3866
2015	72.3866
2016	72.3866
2017	72.3866
2018	72.3866
2019	72.3866
2020	72.3866
2021	72.3866
2022	72.3866
2023	72.3866
2024	72.3866
2025	72.3866
2026	72.3866
2027	72.3866
2028	72.3866
2029	72.3866
2030	72.3866
2031	72.3866
2032	72.3866
2033	72.3866
2034	72.3866
2035	72.3866
2036	72.3866
2037	72.3866
2038	72.3866
2039	72.3866
2040	72.3866
2041	72.3866
2042	72.3866
2043	72.3866
2044	72.3866
2045	72.3866
2046	72.3866
2047	72.3866
2048	72.3866
2049	72.3866
2050	72.3866
2051	72.3866
2052	72.3866
2053	72.3866
2054	72.3866
2055	72.3866
2056	72.3866
2057	72.3866
2058	72.3866
2059	72.3866
2060	72.3866
2061	72.3866
2062	72.3866
2063	72.3866
2064	72.3866
2065	72.3866
2066	72.3866
2067	72.3866
2068	72.3866
2069	72.3866
2070	72.3866
2071	72.3866
2072	72.3866
2073	72.3866
2074	72.3866
2075	72.3866
2076	72.3866
2077	72.3866
2078	72.3866
2079	72.3866
2080	72.3866
2081	72.3866
2082	72.3866
2083	72.3866
2084	72.3866
2085	72.3866
2086	72.3866
2087	72.3866
2088	72.3866
2089	72.3866
2090	72.3866
2091	72.3866
2092	72.3866
2093	72.3866
2094	72.3866
2095	72.3866
2096	72.3866
2097	72.3866
2098	72.3866
2099	72.3866
2100	72.3866
2101	72.3866
2102	72.3866
2103	72.3866
2104	72.3866
2105	72.3866
2106	72.3866
2107	72.3866
2108	72.3866
2109	72.3866
2110	72.3866
2111	72.3866
2112	72.3866
2113	72.3866
2114	72.3866
2115	72.3866
2116	72.3866
2117	72.3866
2118	72.3866
2119	72.3866
2120	72.3866
2121	72.3866
2122	72.3866
2123	72.3866
2124	72.3866
2125	72.3866
2126	72.3866
2127	72.3866
2128	72.3866
2129	72.3866
2130	72.3866
2131	72.3866
2132	72.3866
2133	72.3866
2134	72.3866
2135	72.3866
2136	72.3866
2137	72.3866
2138	72.3866
2139	72.3866
2140	72.3866
2141	72.3866
2142	72.3866
2143	72.3866
2144	72.3866
2145	72.3866
2146	72.3866
2147	72.3866
2148	72.3866
2149	72.3866
2150	72.3866
2151	72.3866
2152	72.3866
2153	72.3866
2154	72.3866
2155	72.3866
2156	72.3866
2157	72.3866
2158	72.3866
2159	72.3866
2160	72.3866
2161	72.3866
2162	72.3866
2163	72.3866
2164	72.3866
2165	72.3866
2166	72.3866
2167	72.3866
2168	72.3866
2169	72.3866
2170	72.3866
2171	72.3866
2172	72.3866
2173	72.3866
2174	72.3866
2175	72.3866
2176	72.3866
2177	72.3866
2178	72.3866
2179	72.3866
2180	72.3866
2181	72.3866
2182	72.3866
2183	72.3866
2184	72.3866
2185	72.3866
2186	72.3866
2187	72.3866
2188	72.3866
2189	72.3866
2190	72.3866
2191	72.3866
2192	72.3866
2193	72.3866
2194	72.3866
2195	72.3866
2196	72.3866
2197	72.3866
2198	72.3866
2199	72.3866
2200	72.3866
2201	72.3866
2202	72.3866
2203	72.3866
2204	72.3866
2205	72.3866
2206	72.3866
2207	72.3866
2208	72.3866
2209	72.3866
2210	72.3866
2211	72.3866
2212	72.3866
2213	72.3866
2214	72.3866
2215	72.3866
2216	72.3866
2217	72.3866
2218	72.3866
2219	72.3866
2220	72.3866
2221	72.3866
2222	72.3866
2223	72.3866
2224	72.3866
2225	72.3866
2226	72.3866
2227	72.3866
2228	72.3866
2229	72.3866
2230	72.3866
2231	72.3866
2232	72.3866
2233	72.3866
2234	72.3866
2235	72.3866
2236	72.3866
2237	72.3866
2238	72.3866
2239	72.3866
2240	72.3866
2241	72.3866
2242	72.3866
2243	72.3866
2244	72.3866
2245	72.3866
2246	72.3866
2247	72.3866
2248	72.3866
2249	72.3866
2250	72.3866
2251	72.3866
2252	72.3866
2253	72.3866
2254	72.3866
2255	72.3866
2256	72.3866
2257	72.3866
2258	72.3866
2259	72.3866
2260	72.3866
2261	72.3866
2262	72.3866
2263	72.3866
2264	72.3866
2265	72.3866
2266	72.3866
2267	72.3866
2268	72.3866
2269	72.3866
2270	72.3866
2271	72.3866
2272	72.3866
2273	72.3866
2274	72.3866
2275	72.3866
2276	72.3866
2277	72.3866
2278	72.3866
2279	72.3866
2280	72.3866
2281	72.3866
2282	72.3866
2283	72.3866
2284	72.3866
2285	72.3866
2286	72.3866
2287	72.3866
2288	72.3866
2289	72.3866
2290	72.3866
2291	72.3866
2292	72.3866
2293	72.3866
2294	72.3866
2295	72.3866
2296	72.3866
2297	72.3866
2298	72.3866
2299	72.3866
2300	72.3866
2301	72.3866
2302	72.3866
2303	72.3866
2304	72.3866
2305	72.3866
2306	72.3866
2307	72.3866
2308	72.3866
2309	72.3866
2310	72.3866
2311	72.3866
2312	72.3866
2313	72.3866
2314	72.3866
2315	72.3866
2316	72.3866
2317	72.3866
2318	72.3866
2319	72.3866
2320	72.3866
2321	72.3866
2322	72.3866
2323	72.3866
2324	72.3866
2325	72.3866
2326	72.3866
2327	72.3866
2328	72.3866
2329	72.3866
2330	72.3866
2331	72.3866
2332	72.3866
2333	72.3866
2334	72.3866
2335	72.3866
2336	72.3866
2337	72.3866
2338	72.3866
2339	72.3866
2340	72.3866
2341	72.3866
2342	72.3866
2343	72.3866
2344	72.3866
2345	72.3866
2346	72.3866
2347	72.3866
2348	72.3866
2349	72.3866
2350	72.3866
2351	72.3866
2352	72.3866
2353	72.3866
2354	72.3866
2355	72.3866
2356	72.3866
2357	72.3866
2358	72.3866
2359	72.3866
2360	72.3866
2361	72.3866
2362	72.3866
2363	72.3866
2364	72.3866
2365	72.3866
2366	72.3866
2367	72.3866
2368	72.3866
2369	72.3866
2370	72.3866
2371	72.3866
2372	72.3866
2373	72.3866
2374	72.3866
2375	72.3866
2376	72.3866
2377	72.3866
2378	72.3866
2379	72.3866
2380	72.3866
2381	72.3866
2382	72.3866
2383	72.3866
2384	72.3866
2385	72.3866
2386	72.3866
2387	72.3866
2388	72.3866
2389	72.3866
2390	72.3866
2391	72.3866
2392	72.3866
2393	72.3866
2394	72.3866
2395	72.3866
2396	72.3866
2397	72.3866
2398	72.3866
2399	72.3866
2400	72.3866
2401	72.3866
2402	72.3866
2403	72.3866
2404	72.3866
2405	72.3866
2406	72.3866
2407	72.3866
2408	72.3866
2409	72.3866
2410	72.3866
2411	72.3866
2412	72.3866
2413	72.3866
2414	72.3866
2415	72.3866
2416	72.3866
2417	72.3866
2418	72.3866
2419	72.3866
2420	72.3866
2421	72.3866
2422	72.3866
2423	72.3866
2424	72.3866
2425	72.3866
2426	72.3866
2427	72.3866
2428	72.3866
2429	72.3866
2430	72.3866
2431	72.3866
2432	72.3866
2433	72.3866
2434	72.3866
2435	72.3866
2436	72.3866
2437	72.3866
2438	72.3866
2439	72.3866
2440	72.3866
2441	72.3866
2442	72.3866
2443	72.3866
2444	72.3866
2445	72.3866
2446	72.3866
2447	72.3866
2448	72.3866
2449	72.3866
2450	72.3866
2451	72.3866
2452	72.3866
2453	72.3866
2454	72.3866
2455	72.3866
2456	72.3866
2457	72.3866
2458	72.3866
2459	72.3866
2460	72.3866
2461	72.3866
2462	72.3866
2463	72.3866
2464	72.3866
2465	72.3866
2466	72.3866
2467	72.3866
2468	72.3866
2469	72.3866
2470	72.3866
2471	72.3866
2472	72.3866
2473	72.3866
2474	72.3866
2475	72.3866
2476	72.3866
2477	72.3866
2478	72.3866
2479	72.3866
2480	72.3866
2481	72.3866
2482	72.3866
2483	72.3866
2484	72.3866
2485	72.3866
2486	72.3866
2487	72.3866
2488	72.3866
2489	72.3866
2490	72.3866
2491	72.3866
2492	72.3866
2493	72.3866
2494	72.3866
2495	72.3866
2496	72.3866
2497	72.3866
2498	72.3866
2499	72.3866
2500	72.3866
