#   N_BLOCK:  ACCEPTANCE:
           14.158680e-01
           24.167565e-01
           34.170677e-01
           44.168800e-01
           54.169220e-01
           64.171068e-01
           74.170081e-01
           84.170826e-01
           94.172090e-01
          104.169833e-01
          114.169652e-01
          124.169389e-01
          134.170564e-01
          144.170583e-01
          154.171353e-01
          164.171682e-01
          174.172750e-01
          184.172538e-01
          194.172432e-01
          204.173470e-01
          214.173011e-01
          224.172265e-01
          234.172417e-01
          244.172300e-01
          254.171637e-01
