#   N_BLOCK:  ACCEPTANCE:
           12.806700e-02
           22.705700e-02
           32.817800e-02
           42.847600e-02
           52.777080e-02
           62.763833e-02
           72.817771e-02
           82.765700e-02
           92.724467e-02
          102.664240e-02
          112.618345e-02
          122.612017e-02
          132.623877e-02
          142.650357e-02
          152.612787e-02
          162.582794e-02
          172.545976e-02
          182.590322e-02
          192.582526e-02
          202.600140e-02
          212.595405e-02
          222.597882e-02
          232.602078e-02
          242.586042e-02
          252.611728e-02
