#   N_BLOCK:  ACCEPTANCE:
           10.000000e+00
           20.000000e+00
           37.333333e-06
           45.500000e-06
           54.400000e-06
           63.666667e-06
           73.142857e-06
           82.750000e-06
           92.444444e-06
          102.200000e-06
          112.000000e-06
          121.833333e-06
          131.692308e-06
          141.571429e-06
          152.040000e-05
          161.912500e-05
          171.800000e-05
          181.700000e-05
          191.610526e-05
          201.530000e-05
          211.457143e-05
          221.390909e-05
          231.330435e-05
          241.275000e-05
          251.224000e-05
          261.176923e-05
          271.133333e-05
          281.092857e-05
          291.055172e-05
          301.020000e-05
