#   N_BLOCK:  ACCEPTANCE:
           16.190150e-01
           26.198980e-01
           36.200600e-01
           46.199763e-01
           56.199974e-01
           66.201175e-01
           76.199906e-01
           86.198761e-01
           96.198437e-01
          106.198631e-01
          116.197494e-01
          126.198248e-01
          136.198578e-01
          146.199007e-01
          156.199056e-01
          166.199074e-01
          176.199401e-01
          186.198943e-01
          196.198846e-01
          206.198735e-01
          216.198425e-01
          226.198289e-01
          236.198167e-01
          246.198474e-01
          256.198396e-01
