#   N_BLOCK:  ACCEPTANCE:
           13.342650e-01
           23.350245e-01
           33.348393e-01
           43.354170e-01
           53.354096e-01
           63.354768e-01
           73.354191e-01
           83.356550e-01
           93.358044e-01
          103.357067e-01
          113.356146e-01
          123.355800e-01
          133.354885e-01
          143.356726e-01
          153.357118e-01
          163.357671e-01
          173.357227e-01
          183.356803e-01
          193.356385e-01
          203.356863e-01
          213.356470e-01
          223.356521e-01
          233.356847e-01
          243.357113e-01
          253.355538e-01
