#   N_BLOCK:  ACCEPTANCE:
           11.336900e-02
           21.382500e-02
           31.504067e-02
           41.464450e-02
           51.508000e-02
           61.474667e-02
           71.499057e-02
           81.527700e-02
           91.485311e-02
          101.485820e-02
          111.475545e-02
          121.465983e-02
          131.472985e-02
          141.453543e-02
          151.452787e-02
          161.428144e-02
          171.413824e-02
          181.416622e-02
          191.392389e-02
          201.395500e-02
          211.384771e-02
          221.373736e-02
          231.370574e-02
          241.356258e-02
          251.377688e-02
          261.395508e-02
          271.389104e-02
          281.382393e-02
          291.389255e-02
          301.389640e-02
