#   N_BLOCK:  ACCEPTANCE:
           13.282200e-01
           23.296780e-01
           33.301480e-01
           43.307388e-01
           53.305576e-01
           63.304685e-01
           73.304697e-01
           83.306172e-01
           93.307227e-01
          103.305430e-01
          113.303897e-01
          123.304512e-01
          133.303088e-01
          143.304189e-01
          153.303435e-01
          163.303009e-01
          173.304062e-01
          183.302714e-01
          193.302746e-01
          203.302846e-01
          213.302492e-01
          223.302709e-01
          233.303490e-01
          243.303272e-01
          253.302054e-01
          263.301437e-01
          273.302137e-01
          283.301093e-01
          293.300719e-01
          303.300607e-01
